-5600 9300 1800 -5400 9600 2100
-5000 9300 1800 -4800 9600 2100
-5300 8600 1800 -5100 8900 2100
-4900 9300 1800 -4700 9600 2100
-5300 9300 1800 -5100 9600 2100
-5500 9300 1800 -5300 9600 2100
-5700 9300 1800 -5500 9600 2100
-5400 9300 1800 -5200 9600 2100
-5200 9300 1800 -5000 9600 2100
-5000 8200 1800 -4700 8600 2200
-5100 9300 1800 -4900 9600 2100
3200 -1500 5200 3400 -1300 5400
3200 700 5200 3400 900 5400
2100 700 5200 2300 900 5400
1100 -900 5200 1300 -700 5400
-1200 0 5200 -1000 200 5400
-1900 800 5800 -1700 1000 6000
-1900 -600 5800 -1700 -400 6000
-1200 -1100 5600 -1000 -900 5800
-1500 -600 4800 -1300 -400 5000
-1500 500 4800 -1300 700 5000
200 500 4800 400 700 5000
200 -900 4800 400 -700 5000
1500 -900 4800 1700 -700 5000
1500 400 4800 1700 600 5000
3700 -500 4400 3900 -300 4600
3200 400 4400 3400 600 4600
2300 200 4200 2500 400 4400
800 -500 4200 1000 -300 4400
-2300 -1000 4200 -2100 -800 4400
-2300 -100 4200 -2100 100 4400
-2300 800 4200 -2100 1000 4400
-2300 800 3400 -2100 1000 3600
-1200 800 3400 -1000 1000 3600
-1200 -600 3400 -1000 -400 3600
-2200 -1000 3400 -2000 -800 3600
500 -100 3400 700 100 3600
900 700 3400 1100 900 3600
900 -1100 3400 1100 -900 3600
900 -1100 3800 1100 -900 4000
600 900 3800 800 1100 4000
600 -100 3800 800 100 4000
900 -1000 2800 1100 -800 3000
900 0 2800 1100 200 3000
900 800 2800 1100 1000 3000
-500 900 2800 -300 1100 3000
-2300 900 2800 -2100 1100 3000
-2000 200 3000 -1800 400 3200
-1500 -1100 3000 -1300 -900 3200
-2300 -300 3000 -2100 -100 3200
-3200 -300 3000 -3000 -100 3200
-3200 -1500 3000 -3000 -1300 3200
-2900 -2300 3000 -2700 -2100 3200
-2800 -1100 3400 -2600 -900 3600
-2700 100 3400 -2500 300 3600
-2700 1400 3400 -2500 1600 3600
-3800 1400 3400 -3600 1600 3600
-3500 2500 3400 -3300 2700 3600
-2200 1400 3400 -2000 1600 3600
-1400 1400 3600 -1200 1600 3800
-1400 2400 3600 -1200 2600 3800
-1400 3200 3600 -1200 3400 3800
-1800 3900 3400 -1600 4100 3600
-2200 3700 3400 -2000 3900 3600
-1900 4000 3000 -1700 4200 3200
-1500 3300 3000 -1300 3500 3200
-2300 3300 3000 -2100 3500 3200
-2300 2100 2800 -2100 2300 3000
-2300 1300 2800 -2100 1500 3000
-3800 1300 3000 -3600 1500 3200
-2700 1300 3000 -2500 1500 3200
-2700 1300 2200 -2500 1500 2400
-3700 1300 2200 -3500 1500 2400
-3300 -300 2200 -3100 -100 2400
-3300 -1500 2200 -3100 -1300 2400
-4500 300 2200 -4300 500 2400
-4500 -2100 2200 -4300 -1900 2400
-4500 -3100 2200 -4300 -2900 2400
-4500 -3300 1800 -4300 -3100 2000
-3200 -4800 2300 -3000 -4600 2500
-3200 -5800 2300 -3000 -5600 2500
-2300 -6300 2300 -2100 -6100 2500
-2300 -5300 2300 -2100 -5100 2500
-3100 -5700 2700 -2900 -5500 2900
-2800 -5700 3100 -2600 -5500 3300
-2400 -7100 3100 -2200 -6900 3300
-1600 -7100 3100 -1400 -6900 3300
-1300 -6500 3100 -1100 -6300 3300
-1300 -5100 3100 -1100 -4900 3300
-1800 -4500 3100 -1600 -4300 3300
-2600 -4500 3100 -2400 -4300 3300
-600 -1600 3400 -400 -1400 3600
300 -1700 3800 500 -1500 4000
-200 -2000 4400 0 -1800 4600
-6000 -1200 2200 -5800 -1000 2400
-7000 -1200 2200 -6800 -1000 2400
-6500 -1800 1800 -6300 -1600 2000
-6500 600 1800 -6300 800 2000
-6700 1400 1800 -6500 1600 2000
-6300 2600 1800 -6100 2800 2000
-6300 2600 2200 -6100 2800 2400
-6800 2600 2200 -6600 2800 2400
-6300 1000 2200 -6100 1200 2400
-6400 3600 2200 -6200 3800 2400
-6800 3900 2200 -6600 4100 2400
-6800 4400 2200 -6600 4600 2400
-6800 4400 1800 -6600 4600 2000
-6900 3800 1800 -6700 4000 2000
-7500 3800 1800 -7300 4000 2000
-7500 3300 1400 -7300 3500 1600
-4600 4500 1800 -4400 4700 2000
-4600 4100 2200 -4400 4300 2400
-4300 3600 1800 -4100 3800 2000
-4500 2400 2200 -4300 2600 2400
-4700 3600 2600 -4500 3800 2800
-4000 3600 2800 -3800 3800 3000
-2800 2600 2600 -2600 2800 2800
-2000 4500 3000 -1800 4700 3200
100 1400 4200 300 1600 4400
3600 700 4400 3800 900 4600
6200 -4600 6500 6400 -4400 6700
100 200 6800 300 400 7000
100 -400 6800 300 -200 7000
300 -400 6000 500 -200 6200
300 500 6000 500 700 6200
1100 500 6000 1300 700 6200
-2300 -1600 3400 -2100 -1400 3600
-1200 -1600 3400 -1000 -1400 3600
-1600 -4300 2300 -1400 -4100 2500
-2900 -4300 2300 -2700 -4100 2500
-3400 -7300 2300 -3200 -7100 2500
-4700 -7300 1800 -4500 -7100 2000
-4700 -6000 1800 -4500 -5800 2000
-4700 -4700 1800 -4500 -4500 2000
-5900 -4100 1800 -5700 -3900 2000
-5900 -6100 1800 -5700 -5900 2000
-5900 -7400 1800 -5700 -7200 2000
-6900 -3000 1800 -6700 -2800 2000
-6900 -100 1800 -6700 100 2000
-6100 200 1800 -5900 400 2000
-5800 900 1800 -5600 1100 2000
-5800 1800 1800 -5600 2000 2000
-5900 2800 1800 -5700 3000 2000
-6100 4300 1800 -5900 4500 2000
-6100 5900 1800 -5900 6100 2000
-6100 7200 1800 -5900 7400 2000
-4900 7200 1800 -4700 7400 2000
-4800 6200 1800 -4600 6400 2000
-100 -100 -100 100 100 100
-100 -100 -100 100 100 100
-100 -100 -100 100 100 100
-100 -100 -100 100 100 100
-100 -100 -100 100 100 100
-100 -100 -100 100 100 100
-100 -100 -100 100 100 100
-100 -100 -100 100 100 100
-100 -100 -100 100 100 100
-100 -100 -100 100 100 100
-100 -100 -100 100 100 100
-100 -100 -100 100 100 100
-100 -100 -100 100 100 100
-100 -100 -100 100 100 100
-100 -100 -100 100 100 100
-100 -100 -100 100 100 100
-100 -100 -100 100 100 100
-100 -100 -100 100 100 100
-100 -100 -100 100 100 100
-100 -100 -100 100 100 100
-100 -100 -100 100 100 100
-100 -100 -100 100 100 100
-100 -100 -100 100 100 100
-100 -100 -100 100 100 100
-100 -100 -100 100 100 100
-100 -100 -100 100 100 100
-100 -100 -100 100 100 100
-100 -100 -100 100 100 100
-100 -100 -100 100 100 100
-100 -100 -100 100 100 100
-100 -100 -100 100 100 100
-100 -100 -100 100 100 100
-100 -100 -100 100 100 100
-100 -100 -100 100 100 100
-100 -100 -100 100 100 100
-100 -100 -100 100 100 100
-100 -100 -100 100 100 100
-100 -100 -100 100 100 100
-100 -100 -100 100 100 100
-100 -100 -100 100 100 100
-100 -100 -100 100 100 100
-100 -100 -100 100 100 100
-100 -100 -100 100 100 100
-100 -100 -100 100 100 100
-100 -100 -100 100 100 100
-100 -100 -100 100 100 100
-100 -100 -100 100 100 100
-100 -100 -100 100 100 100
-100 -100 -100 100 100 100
-100 -100 -100 100 100 100
-100 -100 -100 100 100 100
-100 -100 -100 100 100 100
-100 -100 -100 100 100 100
-100 -100 -100 100 100 100
-100 -100 -100 100 100 100
-100 -100 -100 100 100 100
-100 -100 -100 100 100 100
-100 -100 -100 100 100 100
-100 -100 -100 100 100 100
-100 -100 -100 100 100 100
-100 -100 -100 100 100 100
-100 -100 -100 100 100 100
-100 -100 -100 100 100 100
-100 -100 -100 100 100 100
-100 -100 -100 100 100 100
-100 -100 -100 100 100 100
-100 -100 -100 100 100 100
-100 -100 -100 100 100 100
-100 -100 -100 100 100 100
-100 -100 -100 100 100 100
-100 -100 -100 100 100 100
-100 -100 -100 100 100 100
-100 -100 -100 100 100 100
-100 -100 -100 100 100 100
-100 -100 -100 100 100 100
-100 -100 -100 100 100 100
-100 -100 -100 100 100 100
-100 -100 -100 100 100 100
-100 -100 -100 100 100 100
-100 -100 -100 100 100 100
-100 -100 -100 100 100 100
-100 -100 -100 100 100 100
-100 -100 -100 100 100 100
-100 -100 -100 100 100 100
-100 -100 -100 100 100 100
-100 -100 -100 100 100 100
-100 -100 -100 100 100 100
-100 -100 -100 100 100 100
-100 -100 -100 100 100 100
-100 -100 -100 100 100 100
-100 -100 -100 100 100 100
-100 -100 -100 100 100 100
-100 -100 -100 100 100 100
-100 -100 -100 100 100 100
-100 -100 -100 100 100 100
-100 -100 -100 100 100 100
-100 -100 -100 100 100 100
-100 -100 -100 100 100 100
-100 -100 -100 100 100 100
-100 -100 -100 100 100 100
-100 -100 -100 100 100 100
-100 -100 -100 100 100 100
-100 -100 -100 100 100 100
-100 -100 -100 100 100 100
-100 -100 -100 100 100 100
-100 -100 -100 100 100 100
-100 -100 -100 100 100 100
-100 -100 -100 100 100 100
-100 -100 -100 100 100 100
-100 -100 -100 100 100 100
-100 -100 -100 100 100 100
-100 -100 -100 100 100 100
-100 -100 -100 100 100 100
-100 -100 -100 100 100 100
-100 -100 -100 100 100 100
-100 -100 -100 100 100 100
-100 -100 -100 100 100 100
-100 -100 -100 100 100 100
-100 -100 -100 100 100 100
-100 -100 -100 100 100 100
