-90.039993286 -0.039999999 -90.039993286 -74.960006714 0.039999999 -74.960006714
-87.289993286 -4.789999962 -83.539993286 -77.710006714 4.789999962 -81.460006714
-90.039993286 -0.039999999 -75.039993286 -74.960006714 0.039999999 -59.959999084
-87.289993286 -4.789999962 -68.539993286 -77.710006714 4.789999962 -66.460006714
-90.039993286 -0.039999999 -60.040000916 -74.960006714 0.039999999 -44.959999084
-87.289993286 -4.789999962 -53.540000916 -77.710006714 4.789999962 -51.459999084
-90.039993286 -0.039999999 -45.040000916 -74.960006714 0.039999999 -29.959999084
-87.289993286 -4.789999962 -38.540000916 -77.710006714 4.789999962 -36.459999084
-90.039993286 -0.039999999 -30.040000916 -74.960006714 0.039999999 -14.959999084
-87.289993286 -4.789999962 -23.540000916 -77.710006714 4.789999962 -21.459999084
-90.039993286 -0.039999999 -15.040000916 -74.960006714 0.039999999 0.039999999
-87.289993286 -4.789999962 -8.540000916 -77.710006714 4.789999962 -6.460000038
-90.039993286 -0.039999999 -0.039999999 -74.960006714 0.039999999 15.040000916
-87.289993286 -4.789999962 6.460000038 -77.710006714 4.789999962 8.540000916
-90.039993286 -0.039999999 14.959999084 -74.960006714 0.039999999 30.040000916
-87.289993286 -4.789999962 21.459999084 -77.710006714 4.789999962 23.540000916
-90.039993286 -0.039999999 29.959999084 -74.960006714 0.039999999 45.040000916
-87.289993286 -4.789999962 36.459999084 -77.710006714 4.789999962 38.540000916
-90.039993286 -0.039999999 44.959999084 -74.960006714 0.039999999 60.040000916
-87.289993286 -4.789999962 51.459999084 -77.710006714 4.789999962 53.540000916
-90.039993286 -0.039999999 59.959999084 -74.960006714 0.039999999 75.039993286
-87.289993286 -4.789999962 66.460006714 -77.710006714 4.789999962 68.539993286
-90.039993286 -0.039999999 74.960006714 -74.960006714 0.039999999 90.039993286
-87.289993286 -4.789999962 81.460006714 -77.710006714 4.789999962 83.539993286
-75.039993286 -0.039999999 -90.039993286 -59.959999084 0.039999999 -74.960006714
-72.289993286 -4.789999962 -83.539993286 -62.709999084 4.789999962 -81.460006714
-75.039993286 -0.039999999 -75.039993286 -59.959999084 0.039999999 -59.959999084
-72.289993286 -4.789999962 -68.539993286 -62.709999084 4.789999962 -66.460006714
-75.039993286 -0.039999999 -60.040000916 -59.959999084 0.039999999 -44.959999084
-72.289993286 -4.789999962 -53.540000916 -62.709999084 4.789999962 -51.459999084
-75.039993286 -0.039999999 -45.040000916 -59.959999084 0.039999999 -29.959999084
-72.289993286 -4.789999962 -38.540000916 -62.709999084 4.789999962 -36.459999084
-75.039993286 -0.039999999 -30.040000916 -59.959999084 0.039999999 -14.959999084
-72.289993286 -4.789999962 -23.540000916 -62.709999084 4.789999962 -21.459999084
-75.039993286 -0.039999999 -15.040000916 -59.959999084 0.039999999 0.039999999
-72.289993286 -4.789999962 -8.540000916 -62.709999084 4.789999962 -6.460000038
-75.039993286 -0.039999999 -0.039999999 -59.959999084 0.039999999 15.040000916
-72.289993286 -4.789999962 6.460000038 -62.709999084 4.789999962 8.540000916
-75.039993286 -0.039999999 14.959999084 -59.959999084 0.039999999 30.040000916
-72.289993286 -4.789999962 21.459999084 -62.709999084 4.789999962 23.540000916
-75.039993286 -0.039999999 29.959999084 -59.959999084 0.039999999 45.040000916
-72.289993286 -4.789999962 36.459999084 -62.709999084 4.789999962 38.540000916
-75.039993286 -0.039999999 44.959999084 -59.959999084 0.039999999 60.040000916
-72.289993286 -4.789999962 51.459999084 -62.709999084 4.789999962 53.540000916
-75.039993286 -0.039999999 59.959999084 -59.959999084 0.039999999 75.039993286
-72.289993286 -4.789999962 66.460006714 -62.709999084 4.789999962 68.539993286
-75.039993286 -0.039999999 74.960006714 -59.959999084 0.039999999 90.039993286
-72.289993286 -4.789999962 81.460006714 -62.709999084 4.789999962 83.539993286
-60.040000916 -0.039999999 -90.039993286 -44.959999084 0.039999999 -74.960006714
-57.290000916 -4.789999962 -83.539993286 -47.709999084 4.789999962 -81.460006714
-60.040000916 -0.039999999 -75.039993286 -44.959999084 0.039999999 -59.959999084
-57.290000916 -4.789999962 -68.539993286 -47.709999084 4.789999962 -66.460006714
-60.040000916 -0.039999999 -60.040000916 -44.959999084 0.039999999 -44.959999084
-57.290000916 -4.789999962 -53.540000916 -47.709999084 4.789999962 -51.459999084
-60.040000916 -0.039999999 -45.040000916 -44.959999084 0.039999999 -29.959999084
-57.290000916 -4.789999962 -38.540000916 -47.709999084 4.789999962 -36.459999084
-60.040000916 -0.039999999 -30.040000916 -44.959999084 0.039999999 -14.959999084
-57.290000916 -4.789999962 -23.540000916 -47.709999084 4.789999962 -21.459999084
-60.040000916 -0.039999999 -15.040000916 -44.959999084 0.039999999 0.039999999
-57.290000916 -4.789999962 -8.540000916 -47.709999084 4.789999962 -6.460000038
-60.040000916 -0.039999999 -0.039999999 -44.959999084 0.039999999 15.040000916
-57.290000916 -4.789999962 6.460000038 -47.709999084 4.789999962 8.540000916
-60.040000916 -0.039999999 14.959999084 -44.959999084 0.039999999 30.040000916
-57.290000916 -4.789999962 21.459999084 -47.709999084 4.789999962 23.540000916
-60.040000916 -0.039999999 29.959999084 -44.959999084 0.039999999 45.040000916
-57.290000916 -4.789999962 36.459999084 -47.709999084 4.789999962 38.540000916
-60.040000916 -0.039999999 44.959999084 -44.959999084 0.039999999 60.040000916
-57.290000916 -4.789999962 51.459999084 -47.709999084 4.789999962 53.540000916
-60.040000916 -0.039999999 59.959999084 -44.959999084 0.039999999 75.039993286
-57.290000916 -4.789999962 66.460006714 -47.709999084 4.789999962 68.539993286
-60.040000916 -0.039999999 74.960006714 -44.959999084 0.039999999 90.039993286
-57.290000916 -4.789999962 81.460006714 -47.709999084 4.789999962 83.539993286
-45.040000916 -0.039999999 -90.039993286 -29.959999084 0.039999999 -74.960006714
-42.290000916 -4.789999962 -83.539993286 -32.709999084 4.789999962 -81.460006714
-45.040000916 -0.039999999 -75.039993286 -29.959999084 0.039999999 -59.959999084
-42.290000916 -4.789999962 -68.539993286 -32.709999084 4.789999962 -66.460006714
-45.040000916 -0.039999999 -60.040000916 -29.959999084 0.039999999 -44.959999084
-42.290000916 -4.789999962 -53.540000916 -32.709999084 4.789999962 -51.459999084
-45.040000916 -0.039999999 -45.040000916 -29.959999084 0.039999999 -29.959999084
-42.290000916 -4.789999962 -38.540000916 -32.709999084 4.789999962 -36.459999084
-45.040000916 -0.039999999 -30.040000916 -29.959999084 0.039999999 -14.959999084
-42.290000916 -4.789999962 -23.540000916 -32.709999084 4.789999962 -21.459999084
-45.040000916 -0.039999999 -15.040000916 -29.959999084 0.039999999 0.039999999
-42.290000916 -4.789999962 -8.540000916 -32.709999084 4.789999962 -6.460000038
-45.040000916 -0.039999999 -0.039999999 -29.959999084 0.039999999 15.040000916
-42.290000916 -4.789999962 6.460000038 -32.709999084 4.789999962 8.540000916
-45.040000916 -0.039999999 14.959999084 -29.959999084 0.039999999 30.040000916
-42.290000916 -4.789999962 21.459999084 -32.709999084 4.789999962 23.540000916
-45.040000916 -0.039999999 29.959999084 -29.959999084 0.039999999 45.040000916
-42.290000916 -4.789999962 36.459999084 -32.709999084 4.789999962 38.540000916
-45.040000916 -0.039999999 44.959999084 -29.959999084 0.039999999 60.040000916
-42.290000916 -4.789999962 51.459999084 -32.709999084 4.789999962 53.540000916
-45.040000916 -0.039999999 59.959999084 -29.959999084 0.039999999 75.039993286
-42.290000916 -4.789999962 66.460006714 -32.709999084 4.789999962 68.539993286
-45.040000916 -0.039999999 74.960006714 -29.959999084 0.039999999 90.039993286
-42.290000916 -4.789999962 81.460006714 -32.709999084 4.789999962 83.539993286
-30.040000916 -0.039999999 -90.039993286 -14.959999084 0.039999999 -74.960006714
-27.290000916 -4.789999962 -83.539993286 -17.709999084 4.789999962 -81.460006714
-30.040000916 -0.039999999 -75.039993286 -14.959999084 0.039999999 -59.959999084
-27.290000916 -4.789999962 -68.539993286 -17.709999084 4.789999962 -66.460006714
-30.040000916 -0.039999999 -60.040000916 -14.959999084 0.039999999 -44.959999084
-27.290000916 -4.789999962 -53.540000916 -17.709999084 4.789999962 -51.459999084
-30.040000916 -0.039999999 -45.040000916 -14.959999084 0.039999999 -29.959999084
-27.290000916 -4.789999962 -38.540000916 -17.709999084 4.789999962 -36.459999084
-30.040000916 -0.039999999 -30.040000916 -14.959999084 0.039999999 -14.959999084
-27.290000916 -4.789999962 -23.540000916 -17.709999084 4.789999962 -21.459999084
-30.040000916 -0.039999999 -15.040000916 -14.959999084 0.039999999 0.039999999
-27.290000916 -4.789999962 -8.540000916 -17.709999084 4.789999962 -6.460000038
-30.040000916 -0.039999999 -0.039999999 -14.959999084 0.039999999 15.040000916
-27.290000916 -4.789999962 6.460000038 -17.709999084 4.789999962 8.540000916
-30.040000916 -0.039999999 14.959999084 -14.959999084 0.039999999 30.040000916
-27.290000916 -4.789999962 21.459999084 -17.709999084 4.789999962 23.540000916
-30.040000916 -0.039999999 29.959999084 -14.959999084 0.039999999 45.040000916
-27.290000916 -4.789999962 36.459999084 -17.709999084 4.789999962 38.540000916
-30.040000916 -0.039999999 44.959999084 -14.959999084 0.039999999 60.040000916
-27.290000916 -4.789999962 51.459999084 -17.709999084 4.789999962 53.540000916
-30.040000916 -0.039999999 59.959999084 -14.959999084 0.039999999 75.039993286
-27.290000916 -4.789999962 66.460006714 -17.709999084 4.789999962 68.539993286
-30.040000916 -0.039999999 74.960006714 -14.959999084 0.039999999 90.039993286
-27.290000916 -4.789999962 81.460006714 -17.709999084 4.789999962 83.539993286
-15.040000916 -0.039999999 -90.039993286 0.039999999 0.039999999 -74.960006714
-12.290000916 -4.789999962 -83.539993286 -2.710000038 4.789999962 -81.460006714
-15.040000916 -0.039999999 -75.039993286 0.039999999 0.039999999 -59.959999084
-12.290000916 -4.789999962 -68.539993286 -2.710000038 4.789999962 -66.460006714
-15.040000916 -0.039999999 -60.040000916 0.039999999 0.039999999 -44.959999084
-12.290000916 -4.789999962 -53.540000916 -2.710000038 4.789999962 -51.459999084
-15.040000916 -0.039999999 -45.040000916 0.039999999 0.039999999 -29.959999084
-12.290000916 -4.789999962 -38.540000916 -2.710000038 4.789999962 -36.459999084
-15.040000916 -0.039999999 -30.040000916 0.039999999 0.039999999 -14.959999084
-12.290000916 -4.789999962 -23.540000916 -2.710000038 4.789999962 -21.459999084
-15.040000916 -0.039999999 -15.040000916 0.039999999 0.039999999 0.039999999
-12.290000916 -4.789999962 -8.540000916 -2.710000038 4.789999962 -6.460000038
-15.040000916 -0.039999999 -0.039999999 0.039999999 0.039999999 15.040000916
-12.290000916 -4.789999962 6.460000038 -2.710000038 4.789999962 8.540000916
-15.040000916 -0.039999999 14.959999084 0.039999999 0.039999999 30.040000916
-12.290000916 -4.789999962 21.459999084 -2.710000038 4.789999962 23.540000916
-15.040000916 -0.039999999 29.959999084 0.039999999 0.039999999 45.040000916
-12.290000916 -4.789999962 36.459999084 -2.710000038 4.789999962 38.540000916
-15.040000916 -0.039999999 44.959999084 0.039999999 0.039999999 60.040000916
-12.290000916 -4.789999962 51.459999084 -2.710000038 4.789999962 53.540000916
-15.040000916 -0.039999999 59.959999084 0.039999999 0.039999999 75.039993286
-12.290000916 -4.789999962 66.460006714 -2.710000038 4.789999962 68.539993286
-15.040000916 -0.039999999 74.960006714 0.039999999 0.039999999 90.039993286
-12.290000916 -4.789999962 81.460006714 -2.710000038 4.789999962 83.539993286
-0.039999999 -0.039999999 -90.039993286 15.040000916 0.039999999 -74.960006714
2.710000038 -4.789999962 -83.539993286 12.290000916 4.789999962 -81.460006714
-0.039999999 -0.039999999 -75.039993286 15.040000916 0.039999999 -59.959999084
2.710000038 -4.789999962 -68.539993286 12.290000916 4.789999962 -66.460006714
-0.039999999 -0.039999999 -60.040000916 15.040000916 0.039999999 -44.959999084
2.710000038 -4.789999962 -53.540000916 12.290000916 4.789999962 -51.459999084
-0.039999999 -0.039999999 -45.040000916 15.040000916 0.039999999 -29.959999084
2.710000038 -4.789999962 -38.540000916 12.290000916 4.789999962 -36.459999084
-0.039999999 -0.039999999 -30.040000916 15.040000916 0.039999999 -14.959999084
2.710000038 -4.789999962 -23.540000916 12.290000916 4.789999962 -21.459999084
-0.039999999 -0.039999999 -15.040000916 15.040000916 0.039999999 0.039999999
2.710000038 -4.789999962 -8.540000916 12.290000916 4.789999962 -6.460000038
-0.039999999 -0.039999999 -0.039999999 15.040000916 0.039999999 15.040000916
2.710000038 -4.789999962 6.460000038 12.290000916 4.789999962 8.540000916
-0.039999999 -0.039999999 14.959999084 15.040000916 0.039999999 30.040000916
2.710000038 -4.789999962 21.459999084 12.290000916 4.789999962 23.540000916
-0.039999999 -0.039999999 29.959999084 15.040000916 0.039999999 45.040000916
2.710000038 -4.789999962 36.459999084 12.290000916 4.789999962 38.540000916
-0.039999999 -0.039999999 44.959999084 15.040000916 0.039999999 60.040000916
2.710000038 -4.789999962 51.459999084 12.290000916 4.789999962 53.540000916
-0.039999999 -0.039999999 59.959999084 15.040000916 0.039999999 75.039993286
2.710000038 -4.789999962 66.460006714 12.290000916 4.789999962 68.539993286
-0.039999999 -0.039999999 74.960006714 15.040000916 0.039999999 90.039993286
2.710000038 -4.789999962 81.460006714 12.290000916 4.789999962 83.539993286
14.959999084 -0.039999999 -90.039993286 30.040000916 0.039999999 -74.960006714
17.709999084 -4.789999962 -83.539993286 27.290000916 4.789999962 -81.460006714
14.959999084 -0.039999999 -75.039993286 30.040000916 0.039999999 -59.959999084
17.709999084 -4.789999962 -68.539993286 27.290000916 4.789999962 -66.460006714
14.959999084 -0.039999999 -60.040000916 30.040000916 0.039999999 -44.959999084
17.709999084 -4.789999962 -53.540000916 27.290000916 4.789999962 -51.459999084
14.959999084 -0.039999999 -45.040000916 30.040000916 0.039999999 -29.959999084
17.709999084 -4.789999962 -38.540000916 27.290000916 4.789999962 -36.459999084
14.959999084 -0.039999999 -30.040000916 30.040000916 0.039999999 -14.959999084
17.709999084 -4.789999962 -23.540000916 27.290000916 4.789999962 -21.459999084
14.959999084 -0.039999999 -15.040000916 30.040000916 0.039999999 0.039999999
17.709999084 -4.789999962 -8.540000916 27.290000916 4.789999962 -6.460000038
14.959999084 -0.039999999 -0.039999999 30.040000916 0.039999999 15.040000916
17.709999084 -4.789999962 6.460000038 27.290000916 4.789999962 8.540000916
14.959999084 -0.039999999 14.959999084 30.040000916 0.039999999 30.040000916
17.709999084 -4.789999962 21.459999084 27.290000916 4.789999962 23.540000916
14.959999084 -0.039999999 29.959999084 30.040000916 0.039999999 45.040000916
17.709999084 -4.789999962 36.459999084 27.290000916 4.789999962 38.540000916
14.959999084 -0.039999999 44.959999084 30.040000916 0.039999999 60.040000916
17.709999084 -4.789999962 51.459999084 27.290000916 4.789999962 53.540000916
14.959999084 -0.039999999 59.959999084 30.040000916 0.039999999 75.039993286
17.709999084 -4.789999962 66.460006714 27.290000916 4.789999962 68.539993286
14.959999084 -0.039999999 74.960006714 30.040000916 0.039999999 90.039993286
17.709999084 -4.789999962 81.460006714 27.290000916 4.789999962 83.539993286
29.959999084 -0.039999999 -90.039993286 45.040000916 0.039999999 -74.960006714
32.709999084 -4.789999962 -83.539993286 42.290000916 4.789999962 -81.460006714
29.959999084 -0.039999999 -75.039993286 45.040000916 0.039999999 -59.959999084
32.709999084 -4.789999962 -68.539993286 42.290000916 4.789999962 -66.460006714
29.959999084 -0.039999999 -60.040000916 45.040000916 0.039999999 -44.959999084
32.709999084 -4.789999962 -53.540000916 42.290000916 4.789999962 -51.459999084
29.959999084 -0.039999999 -45.040000916 45.040000916 0.039999999 -29.959999084
32.709999084 -4.789999962 -38.540000916 42.290000916 4.789999962 -36.459999084
29.959999084 -0.039999999 -30.040000916 45.040000916 0.039999999 -14.959999084
32.709999084 -4.789999962 -23.540000916 42.290000916 4.789999962 -21.459999084
29.959999084 -0.039999999 -15.040000916 45.040000916 0.039999999 0.039999999
32.709999084 -4.789999962 -8.540000916 42.290000916 4.789999962 -6.460000038
29.959999084 -0.039999999 -0.039999999 45.040000916 0.039999999 15.040000916
32.709999084 -4.789999962 6.460000038 42.290000916 4.789999962 8.540000916
29.959999084 -0.039999999 14.959999084 45.040000916 0.039999999 30.040000916
32.709999084 -4.789999962 21.459999084 42.290000916 4.789999962 23.540000916
29.959999084 -0.039999999 29.959999084 45.040000916 0.039999999 45.040000916
32.709999084 -4.789999962 36.459999084 42.290000916 4.789999962 38.540000916
29.959999084 -0.039999999 44.959999084 45.040000916 0.039999999 60.040000916
32.709999084 -4.789999962 51.459999084 42.290000916 4.789999962 53.540000916
29.959999084 -0.039999999 59.959999084 45.040000916 0.039999999 75.039993286
32.709999084 -4.789999962 66.460006714 42.290000916 4.789999962 68.539993286
29.959999084 -0.039999999 74.960006714 45.040000916 0.039999999 90.039993286
32.709999084 -4.789999962 81.460006714 42.290000916 4.789999962 83.539993286
44.959999084 -0.039999999 -90.039993286 60.040000916 0.039999999 -74.960006714
47.709999084 -4.789999962 -83.539993286 57.290000916 4.789999962 -81.460006714
44.959999084 -0.039999999 -75.039993286 60.040000916 0.039999999 -59.959999084
47.709999084 -4.789999962 -68.539993286 57.290000916 4.789999962 -66.460006714
44.959999084 -0.039999999 -60.040000916 60.040000916 0.039999999 -44.959999084
47.709999084 -4.789999962 -53.540000916 57.290000916 4.789999962 -51.459999084
44.959999084 -0.039999999 -45.040000916 60.040000916 0.039999999 -29.959999084
47.709999084 -4.789999962 -38.540000916 57.290000916 4.789999962 -36.459999084
44.959999084 -0.039999999 -30.040000916 60.040000916 0.039999999 -14.959999084
47.709999084 -4.789999962 -23.540000916 57.290000916 4.789999962 -21.459999084
44.959999084 -0.039999999 -15.040000916 60.040000916 0.039999999 0.039999999
47.709999084 -4.789999962 -8.540000916 57.290000916 4.789999962 -6.460000038
44.959999084 -0.039999999 -0.039999999 60.040000916 0.039999999 15.040000916
47.709999084 -4.789999962 6.460000038 57.290000916 4.789999962 8.540000916
44.959999084 -0.039999999 14.959999084 60.040000916 0.039999999 30.040000916
47.709999084 -4.789999962 21.459999084 57.290000916 4.789999962 23.540000916
44.959999084 -0.039999999 29.959999084 60.040000916 0.039999999 45.040000916
47.709999084 -4.789999962 36.459999084 57.290000916 4.789999962 38.540000916
44.959999084 -0.039999999 44.959999084 60.040000916 0.039999999 60.040000916
47.709999084 -4.789999962 51.459999084 57.290000916 4.789999962 53.540000916
44.959999084 -0.039999999 59.959999084 60.040000916 0.039999999 75.039993286
47.709999084 -4.789999962 66.460006714 57.290000916 4.789999962 68.539993286
44.959999084 -0.039999999 74.960006714 60.040000916 0.039999999 90.039993286
47.709999084 -4.789999962 81.460006714 57.290000916 4.789999962 83.539993286
59.959999084 -0.039999999 -90.039993286 75.039993286 0.039999999 -74.960006714
62.709999084 -4.789999962 -83.539993286 72.289993286 4.789999962 -81.460006714
59.959999084 -0.039999999 -75.039993286 75.039993286 0.039999999 -59.959999084
62.709999084 -4.789999962 -68.539993286 72.289993286 4.789999962 -66.460006714
59.959999084 -0.039999999 -60.040000916 75.039993286 0.039999999 -44.959999084
62.709999084 -4.789999962 -53.540000916 72.289993286 4.789999962 -51.459999084
59.959999084 -0.039999999 -45.040000916 75.039993286 0.039999999 -29.959999084
62.709999084 -4.789999962 -38.540000916 72.289993286 4.789999962 -36.459999084
59.959999084 -0.039999999 -30.040000916 75.039993286 0.039999999 -14.959999084
62.709999084 -4.789999962 -23.540000916 72.289993286 4.789999962 -21.459999084
59.959999084 -0.039999999 -15.040000916 75.039993286 0.039999999 0.039999999
62.709999084 -4.789999962 -8.540000916 72.289993286 4.789999962 -6.460000038
59.959999084 -0.039999999 -0.039999999 75.039993286 0.039999999 15.040000916
62.709999084 -4.789999962 6.460000038 72.289993286 4.789999962 8.540000916
59.959999084 -0.039999999 14.959999084 75.039993286 0.039999999 30.040000916
62.709999084 -4.789999962 21.459999084 72.289993286 4.789999962 23.540000916
59.959999084 -0.039999999 29.959999084 75.039993286 0.039999999 45.040000916
62.709999084 -4.789999962 36.459999084 72.289993286 4.789999962 38.540000916
59.959999084 -0.039999999 44.959999084 75.039993286 0.039999999 60.040000916
62.709999084 -4.789999962 51.459999084 72.289993286 4.789999962 53.540000916
59.959999084 -0.039999999 59.959999084 75.039993286 0.039999999 75.039993286
62.709999084 -4.789999962 66.460006714 72.289993286 4.789999962 68.539993286
59.959999084 -0.039999999 74.960006714 75.039993286 0.039999999 90.039993286
62.709999084 -4.789999962 81.460006714 72.289993286 4.789999962 83.539993286
74.960006714 -0.039999999 -90.039993286 90.039993286 0.039999999 -74.960006714
77.710006714 -4.789999962 -83.539993286 87.289993286 4.789999962 -81.460006714
74.960006714 -0.039999999 -75.039993286 90.039993286 0.039999999 -59.959999084
77.710006714 -4.789999962 -68.539993286 87.289993286 4.789999962 -66.460006714
74.960006714 -0.039999999 -60.040000916 90.039993286 0.039999999 -44.959999084
77.710006714 -4.789999962 -53.540000916 87.289993286 4.789999962 -51.459999084
74.960006714 -0.039999999 -45.040000916 90.039993286 0.039999999 -29.959999084
77.710006714 -4.789999962 -38.540000916 87.289993286 4.789999962 -36.459999084
74.960006714 -0.039999999 -30.040000916 90.039993286 0.039999999 -14.959999084
77.710006714 -4.789999962 -23.540000916 87.289993286 4.789999962 -21.459999084
74.960006714 -0.039999999 -15.040000916 90.039993286 0.039999999 0.039999999
77.710006714 -4.789999962 -8.540000916 87.289993286 4.789999962 -6.460000038
74.960006714 -0.039999999 -0.039999999 90.039993286 0.039999999 15.040000916
77.710006714 -4.789999962 6.460000038 87.289993286 4.789999962 8.540000916
74.960006714 -0.039999999 14.959999084 90.039993286 0.039999999 30.040000916
77.710006714 -4.789999962 21.459999084 87.289993286 4.789999962 23.540000916
74.960006714 -0.039999999 29.959999084 90.039993286 0.039999999 45.040000916
77.710006714 -4.789999962 36.459999084 87.289993286 4.789999962 38.540000916
74.960006714 -0.039999999 44.959999084 90.039993286 0.039999999 60.040000916
77.710006714 -4.789999962 51.459999084 87.289993286 4.789999962 53.540000916
74.960006714 -0.039999999 59.959999084 90.039993286 0.039999999 75.039993286
77.710006714 -4.789999962 66.460006714 87.289993286 4.789999962 68.539993286
74.960006714 -0.039999999 74.960006714 90.039993286 0.039999999 90.039993286
77.710006714 -4.789999962 81.460006714 87.289993286 4.789999962 83.539993286
