Little II
7	7	3	-2


32	6	3	0

33	2	1	4
m	0	2
l	0	7
m	0	1
l	0	0

34	5	2	0

35	6	3	9
m	1	0
l	1	6
m	3	6
l	3	0
m	0	4
l	3	4
l	4	4
m	0	2
l	4	2

36	6	3	14
m	0	1
l	1	0
l	3	0
l	4	1
l	4	2
l	3	3
l	1	3
l	0	4
l	0	5
l	1	6
l	3	6
l	4	5
m	2	6
l	2	0

37	7	3	12
m	0	1
l	5	6
m	0	6
l	0	7
l	1	7
l	1	6
l	0	6
m	4	0
l	4	1
l	5	1
l	5	0
l	4	0

38	6	3	21
m	4	0
l	3	1
l	2	0
l	1	0
l	0	1
l	0	2
l	1	3
l	0	4
l	0	5
l	1	6
l	2	6
l	3	5
l	3	4
l	3	4
l	2	3
l	3	2
l	3	1
m	4	3
l	3	2
m	1	3
l	2	3

39	4	2	3
m	1	7
l	1	5
l	0	4

40	5	2	4
m	2	0
l	0	2
l	0	4
l	2	6

41	5	2	4
m	0	0
l	2	2
l	2	4
l	0	6

42	6	3	8
m	0	5
l	4	1
m	0	1
l	4	5
m	0	3
l	4	3
m	2	1
l	2	5

43	6	3	4
m	0	3
l	4	3
m	2	5
l	2	1

44	6	3	9
m	1	-1
l	2	0
l	2	1
l	1	1
l	1	0
l	2	0
l	1	-1
m	1	-1
l	0	-2

45	6	3	2
m	0	3
l	4	3

46	5	2	5
m	0	0
l	0	1
l	1	1
l	1	0
l	0	0

47	6	3	2
m	0	0
l	4	4

48	6	3	9
m	0	5
l	1	6
l	3	6
l	4	5
l	4	1
l	3	0
l	1	0
l	0	1
l	0	5

49	5	2	6
m	0	0
l	2	0
l	1	0
l	1	6
l	1	6
l	0	5

50	6	3	7
m	4	0
l	0	0
l	4	4
l	4	5
l	3	6
l	1	6
l	0	5

51	6	3	16
m	0	5
l	1	6
l	3	6
l	4	5
l	4	4
l	4	4
l	4	4
l	4	4
l	3	3
l	2	3
l	3	3
l	4	2
l	4	1
l	3	0
l	1	0
l	0	1

52	6	3	4
m	3	0
l	3	6
l	0	3
l	4	3

53	6	3	10
m	4	6
l	0	6
l	0	3
l	2	4
l	3	4
l	4	3
l	4	1
l	3	0
l	1	0
l	0	1

54	6	3	10
m	4	6
l	2	5
l	0	3
l	0	1
l	1	0
l	3	0
l	4	1
l	4	2
l	3	3
l	0	3

55	6	3	5
m	0	6
l	4	6
l	4	5
l	0	1
l	0	0

56	6	3	17
m	0	5
l	1	6
l	3	6
l	4	5
l	4	4
l	3	3
l	4	2
l	4	1
l	3	0
l	1	0
l	0	1
l	0	2
l	1	3
l	0	4
l	0	5
m	1	3
l	3	3

57	6	3	11
m	0	1
l	1	0
l	3	0
l	4	1
l	4	5
l	3	6
l	1	6
l	0	5
l	0	4
l	1	3
l	4	3

58	5	2	10
m	0	4
l	1	4
l	1	3
l	0	3
l	0	4
m	0	1
l	1	1
l	1	0
l	0	0
l	0	1

59	5	2	12
m	0	3
l	0	4
l	1	4
l	1	3
l	0	3
m	0	1
l	1	1
l	1	0
l	0	-1
m	1	0
l	0	0
l	0	1

60	6	3	3
m	3	0
l	0	3
l	3	6

61	6	3	4
m	0	2
l	4	2
m	0	4
l	4	4

62	5	2	3
m	0	0
l	3	3
l	0	6

63	6	3	8
m	0	5
l	1	6
l	3	6
l	4	5
l	4	4
l	2	2
m	2	1
l	2	0

64	6	3	13
m	3	2
l	3	3
l	2	3
l	2	2
l	3	2
l	4	3
l	4	5
l	3	6
l	1	6
l	0	5
l	0	1
l	1	0
l	4	0

65	6	3	7
m	0	0
l	0	4
l	2	6
l	4	4
l	4	0
l	4	3
l	0	3

66	6	3	15
m	0	6
l	0	0
l	3	0
l	4	1
l	4	2
l	3	3
l	0	3
l	0	3
l	0	3
l	0	3
l	3	3
l	4	4
l	4	5
l	3	6
l	0	6

67	6	3	8
m	4	5
l	3	6
l	1	6
l	0	5
l	0	1
l	1	0
l	3	0
l	4	1

68	6	3	7
m	0	6
l	0	0
l	3	0
l	4	1
l	4	5
l	3	6
l	0	6

69	6	3	6
m	4	6
l	0	6
l	0	0
l	4	0
m	0	3
l	2	3

70	6	3	6
m	4	6
l	0	6
l	0	3
l	2	3
l	0	3
l	0	0

71	6	3	10
m	4	5
l	3	6
l	1	6
l	0	5
l	0	1
l	1	0
l	3	0
l	4	1
l	4	3
l	2	3

72	6	3	6
m	0	6
l	0	0
l	0	3
l	4	3
l	4	6
l	4	0

73	5	2	6
m	0	6
l	2	6
l	1	6
l	1	0
l	0	0
l	2	0

74	6	3	7
m	4	6
l	2	6
l	3	6
l	3	1
l	2	0
l	1	0
l	0	1

75	6	3	6
m	0	6
l	0	0
l	0	2
l	4	6
l	1	3
l	4	0

76	6	3	3
m	0	6
l	0	0
l	4	0

77	6	3	5
m	0	0
l	0	6
l	2	4
l	4	6
l	4	0

78	6	3	4
m	0	0
l	0	6
l	4	0
l	4	6

79	6	3	9
m	3	6
l	1	6
l	0	5
l	0	1
l	1	0
l	3	0
l	4	1
l	4	5
l	3	6

80	6	3	7
m	0	0
l	0	6
l	3	6
l	4	5
l	4	3
l	3	2
l	0	2

81	6	3	12
m	4	1
l	4	5
l	3	6
l	1	6
l	0	5
l	0	1
l	1	0
l	3	0
m	2	2
l	4	0
m	3	0
l	4	1

82	6	3	9
m	0	0
l	0	6
l	3	6
l	4	5
l	4	3
l	3	2
l	0	2
m	2	2
l	4	0

83	6	3	12
m	4	5
l	3	6
l	1	6
l	0	5
l	0	4
l	1	3
l	3	3
l	4	2
l	4	1
l	3	0
l	1	0
l	0	1

84	6	3	4
m	0	6
l	4	6
l	2	6
l	2	0

85	6	3	6
m	0	6
l	0	1
l	1	0
l	3	0
l	4	1
l	4	6

86	6	3	5
m	0	6
l	0	2
l	2	0
l	4	2
l	4	6

87	6	3	5
m	0	6
l	0	0
l	2	2
l	4	0
l	4	6

88	6	3	4
m	0	6
l	4	0
m	4	6
l	0	0

89	6	3	7
m	0	6
l	0	5
l	2	3
l	4	5
l	4	6
m	2	3
l	2	0

90	6	3	6
m	0	6
l	4	6
l	4	5
l	0	1
l	0	0
l	4	0

91	5	2	4
m	2	0
l	0	0
l	0	6
l	2	6

92	6	3	2
m	4	0
l	0	4

93	5	2	4
m	0	0
l	2	0
l	2	6
l	0	6

94	6	3	3
m	0	3
l	2	5
l	4	3

95	6	3	2
m	0	-1
l	4	-1

96	6	3	2
m	0	5
l	2	3

97	6	3	8
m	1	4
l	3	4
l	4	3
l	4	0
l	1	0
l	0	1
l	1	2
l	4	2

98	6	3	8
m	0	6
l	0	0
l	3	0
l	4	1
l	4	2
l	4	3
l	3	4
l	0	4

99	6	3	6
m	4	4
l	1	4
l	0	3
l	0	1
l	1	0
l	4	0

100	6	3	7
m	4	6
l	4	0
l	1	0
l	0	1
l	0	3
l	1	4
l	4	4

101	6	3	9
m	3	0
l	1	0
l	0	1
l	0	3
l	1	4
l	3	4
l	4	3
l	4	2
l	0	2

102	5	2	8
m	1	0
l	1	5
l	1	3
l	0	3
l	2	3
l	1	3
l	1	5
l	2	6

103	6	3	9
m	2	-2
l	3	-2
l	4	-1
l	4	4
l	1	4
l	0	3
l	0	1
l	1	0
l	4	0

104	6	3	7
m	0	6
l	0	0
l	0	3
l	1	4
l	3	4
l	4	3
l	4	0

105	5	2	7
m	0	0
l	2	0
l	1	0
l	1	4
l	0	4
m	1	6
l	1	6

106	6	3	6
m	0	-2
l	1	-2
l	2	-1
l	2	4
m	2	6
l	2	6

107	6	3	6
m	0	0
l	0	6
m	0	2
l	3	4
m	0	2
l	3	0

108	5	2	5
m	0	0
l	2	0
l	1	0
l	1	6
l	0	6

109	6	3	9
m	0	0
l	0	4
l	1	4
l	2	3
l	2	0
l	2	3
l	3	4
l	4	3
l	4	0

110	6	3	5
m	0	0
l	0	4
l	3	4
l	4	3
l	4	0

111	6	3	9
m	1	0
l	3	0
l	4	1
l	4	3
l	3	4
l	1	4
l	0	3
l	0	1
l	1	0

112	6	3	7
m	0	-2
l	0	4
l	3	4
l	4	3
l	4	1
l	3	0
l	0	0

113	6	3	7
m	4	-2
l	4	4
l	1	4
l	0	3
l	0	1
l	1	0
l	4	0

114	6	3	6
m	0	4
l	0	0
l	0	2
l	1	3
l	2	4
l	3	4

115	6	3	8
m	0	0
l	3	0
l	4	1
l	3	2
l	1	2
l	0	3
l	1	4
l	4	4

116	5	2	7
m	1	5
l	1	4
l	0	4
l	2	4
l	1	4
l	1	1
l	2	0

117	6	3	5
m	0	4
l	0	1
l	1	0
l	4	0
l	4	4

118	6	3	3
m	0	4
l	2	0
l	4	4

119	6	3	7
m	0	4
l	0	1
l	1	0
l	2	1
l	3	0
l	4	1
l	4	4

120	6	3	5
m	0	4
l	4	0
l	2	2
l	4	4
l	0	0

121	6	3	9
m	0	4
l	0	1
l	1	0
l	4	0
l	4	-1
l	3	-2
l	2	-2
m	4	0
l	4	4

122	6	3	4
m	0	4
l	4	4
l	0	0
l	4	0

123	6	3	9
m	3	6
l	2	6
l	1	5
l	1	4
l	0	3
l	1	2
l	1	1
l	2	0
l	3	0

124	3	1	2
m	0	6
l	0	0

125	6	3	9
m	0	6
l	1	6
l	2	5
l	2	4
l	3	3
l	2	2
l	2	1
l	1	0
l	0	0

126	6	3	4
m	0	5
l	1	6
l	3	6
l	4	7

127	6	3	6
m	0	2
l	0	0
l	4	0
l	4	2
l	2	5
l	0	2

128	6	3	15
m	4	6
l	3	7
l	1	7
l	0	6
l	0	2
l	1	1
l	3	1
l	4	2
m	2	1
l	2	0
l	3	-1
l	2	-2
l	1	-2
l	0	-1
l	0	0

129	6	3	9
m	0	4
l	0	1
l	1	0
l	4	0
l	4	4
m	1	6
l	1	7
m	3	6
l	3	7

130	6	3	11
m	3	0
l	1	0
l	0	1
l	0	3
l	1	4
l	3	4
l	4	3
l	4	2
l	0	2
m	1	6
l	3	7

131	6	3	11
m	1	4
l	3	4
l	4	3
l	4	0
l	1	0
l	0	1
l	1	2
l	4	2
m	0	6
l	2	8
l	4	6

132	6	3	12
m	1	4
l	3	4
l	4	3
l	4	0
l	1	0
l	0	1
l	1	2
l	4	2
m	1	7
l	1	6
m	4	6
l	4	7

133	6	3	10
m	1	4
l	3	4
l	4	3
l	4	0
l	1	0
l	0	1
l	1	2
l	4	2
m	1	7
l	3	6

134	6	3	13
m	1	4
l	3	4
l	4	3
l	4	0
l	1	0
l	0	1
l	1	2
l	4	2
m	2	7
l	1	6
l	2	5
l	3	6
l	2	7

135	6	3	13
m	3	4
l	1	4
l	0	3
l	0	2
l	1	1
l	3	1
m	2	1
l	2	0
l	3	-1
l	2	-2
l	1	-2
l	0	-1
l	0	0

136	6	3	12
m	3	0
l	1	0
l	0	1
l	0	3
l	1	4
l	3	4
l	4	3
l	4	2
l	0	2
m	0	6
l	2	8
l	4	6

137	6	3	13
m	3	0
l	1	0
l	0	1
l	0	3
l	1	4
l	3	4
l	4	3
l	4	2
l	0	2
m	3	6
l	3	7
m	1	6
l	1	7

138	6	3	11
m	3	0
l	1	0
l	0	1
l	0	3
l	1	4
l	3	4
l	4	3
l	4	2
l	0	2
m	1	7
l	3	6

139	5	2	8
m	0	0
l	1	0
l	1	4
l	0	4
m	0	7
l	0	6
m	2	7
l	2	6

140	5	2	7
m	1	0
l	2	0
l	2	4
l	1	4
m	0	6
l	2	8
l	4	6

141	5	2	6
m	1	0
l	2	0
l	2	4
l	1	4
m	0	7
l	2	6

142	6	3	12
m	0	0
l	0	4
l	2	6
l	4	4
l	4	3
l	0	3
m	4	3
l	4	0
m	1	8
l	1	9
m	3	8
l	3	9

143	6	3	13
m	0	0
l	0	4
l	2	6
l	4	4
l	4	3
l	0	3
m	4	3
l	4	0
m	2	9
l	1	8
l	2	7
l	3	8
l	2	9

144	6	3	8
m	4	4
l	0	4
l	0	0
l	4	0
m	0	2
l	2	2
m	1	6
l	3	7

145	9	4	17
m	1	4
l	3	4
l	4	3
l	4	2
l	1	2
l	0	1
l	1	0
l	4	0
l	4	2
l	8	2
l	8	3
l	7	4
l	5	4
l	4	3
m	4	1
l	5	0
l	7	0

146	10	5	11
m	0	0
l	0	4
l	2	6
l	4	4
l	4	6
l	8	6
m	0	3
l	6	3
m	8	0
l	4	0
l	4	4

147	6	3	12
m	1	0
l	3	0
l	4	1
l	4	3
l	3	4
l	1	4
l	0	3
l	0	1
l	1	0
m	0	6
l	2	8
l	4	6

148	6	3	13
m	1	0
l	3	0
l	4	1
l	4	3
l	3	4
l	1	4
l	0	3
l	0	1
l	1	0
m	1	7
l	1	6
m	3	7
l	3	6

149	6	3	11
m	1	0
l	3	0
l	4	1
l	4	3
l	3	4
l	1	4
l	0	3
l	0	1
l	1	0
m	1	7
l	3	6

150	6	3	8
m	0	4
l	0	1
l	1	0
l	4	0
l	4	4
m	0	6
l	2	8
l	4	6

151	6	3	7
m	0	4
l	0	1
l	1	0
l	4	0
l	4	4
m	1	7
l	3	6

152	6	3	13
m	0	4
l	0	1
l	1	0
l	4	0
l	4	-1
l	3	-2
l	2	-2
m	4	0
l	4	4
m	1	7
l	1	6
m	3	7
l	3	6

153	6	3	13
m	3	6
l	1	6
l	0	5
l	0	1
l	1	0
l	3	0
l	4	1
l	4	5
l	3	6
m	1	9
l	1	8
m	3	9
l	3	8

154	6	3	10
m	0	6
l	0	1
l	1	0
l	3	0
l	4	1
l	4	6
m	1	9
l	1	8
m	3	9
l	3	8

155	6	3	11
m	1	0
l	3	0
l	4	1
l	4	3
l	3	4
l	1	4
l	0	3
l	0	1
l	1	0
m	0	0
l	4	4

156	8	4	8
m	3	5
l	2	5
l	1	4
l	1	0
l	4	0
l	5	1
m	0	3
l	2	3

157	7	3	11
m	4	6
l	2	6
l	1	5
l	1	1
l	2	0
l	4	0
l	5	1
l	5	5
l	4	6
m	0	0
l	6	6

158	8	4	12
m	0	0
l	0	7
l	3	7
l	4	6
l	4	4
l	3	3
l	0	3
m	5	4
l	5	1
l	6	0
m	4	3
l	6	3

159	7	3	12
m	0	-1
l	1	-2
l	2	-2
l	3	-1
l	3	3
m	6	5
l	5	6
l	4	6
l	3	5
l	3	1
m	2	2
l	4	2

160	6	3	10
m	1	4
l	3	4
l	4	3
l	4	0
l	1	0
l	0	1
l	1	2
l	4	2
m	1	6
l	3	7

161	4	2	6
m	0	0
l	1	0
l	1	4
l	0	4
m	0	6
l	2	7

162	6	3	11
m	1	0
l	3	0
l	4	1
l	4	3
l	3	4
l	1	4
l	0	3
l	0	1
l	1	0
m	1	6
l	3	7

163	6	3	7
m	0	4
l	0	1
l	1	0
l	4	0
l	4	4
m	1	6
l	3	7

164	6	3	9
m	0	0
l	0	4
l	3	4
l	4	3
l	4	0
m	0	6
l	1	7
l	3	7
l	4	8

165	6	3	8
m	0	0
l	0	6
l	4	0
l	4	6
m	0	7
l	1	8
l	3	8
l	4	9

166	6	3	10
m	1	6
l	3	6
l	4	5
l	4	2
l	1	2
l	0	3
l	1	4
l	4	4
m	0	0
l	4	0

167	6	3	11
m	1	3
l	3	3
l	4	4
l	4	5
l	3	6
l	1	6
l	0	5
l	0	4
l	1	3
m	0	0
l	4	0

168	6	3	8
m	4	1
l	3	0
l	1	0
l	0	1
l	0	2
l	2	4
m	2	5
l	2	6

169	6	3	3
m	0	0
l	0	2
l	4	2

170	6	3	3
m	4	0
l	4	2
l	0	2

171	7	3	14
m	0	5
l	1	6
l	1	3
m	0	3
l	2	3
m	3	2
l	3	3
l	4	3
l	5	3
l	5	2
l	3	0
l	5	0
m	5	6
l	0	0

172	7	3	11
m	0	5
l	1	6
l	1	3
m	0	3
l	2	3
m	5	6
l	0	0
m	5	1
l	2	1
l	4	3
l	4	0

173	2	1	4
m	0	5
l	0	0
m	0	6
l	0	7

174	6	3	6
m	2	5
l	0	3
l	2	1
m	4	5
l	2	3
l	4	1

175	6	3	6
m	2	5
l	4	3
l	2	1
m	0	5
l	2	3
l	0	1

176	9	4	16
m	0	6
l	0	-2
l	6	-2
l	6	7
l	0	7
l	0	6
m	3	7
l	3	-2
m	0	4
l	9	4
m	0	1
l	9	1
m	6	7
l	9	7
l	9	-2
l	6	-2

177	8	4	21
m	0	7
l	8	7
l	8	-1
l	0	-1
l	0	7
m	0	5
l	8	5
m	0	3
l	8	3
m	0	1
l	8	1
m	2	7
l	2	-2
m	4	7
l	4	-2
m	6	7
l	6	-2
m	0	-1
l	0	-2
l	8	-2
l	8	-1

178	9	4	21
m	0	7
l	9	7
l	9	-2
l	0	-2
l	0	7
m	0	4
l	3	7
l	9	1
l	6	-2
l	0	4
m	0	2
l	5	7
m	0	0
l	7	7
l	9	5
l	2	-2
l	0	0
m	0	-2
l	9	7
m	4	-2
l	9	3

179	1	0	2
m	0	6
l	0	-1

180	4	2	4
m	0	2
l	2	2
m	2	6
l	2	-1

181	4	2	6
m	0	3
l	2	3
m	0	2
l	2	2
m	2	6
l	2	-1

182	6	3	6
m	0	2
l	2	2
m	2	6
l	2	-1
m	4	6
l	4	-1

183	6	3	5
m	0	2
l	4	2
l	4	-1
m	2	2
l	2	-1

184	4	2	5
m	0	3
l	2	3
l	2	-1
m	0	2
l	2	2

185	6	3	8
m	0	2
l	2	2
l	2	-1
m	4	6
l	4	-1
m	0	3
l	2	3
l	2	6

186	6	3	4
m	2	6
l	2	-1
m	4	6
l	4	-1

187	6	3	6
m	0	3
l	4	3
l	4	-1
m	0	2
l	2	2
l	2	-1

188	6	3	6
m	0	2
l	4	2
l	4	6
m	0	3
l	2	3
l	2	6

189	6	3	5
m	0	3
l	4	3
l	4	6
m	2	3
l	2	6

190	4	2	5
m	0	2
l	2	2
l	2	6
m	0	3
l	2	3

191	0	0	3
m	0	3
l	2	3
l	2	-1

192	2	1	3
m	2	2
l	0	2
l	0	6

193	4	2	5
m	0	2
l	2	2
l	2	6
m	4	2
l	2	2

194	4	2	5
m	0	3
l	2	3
l	2	-1
m	4	3
l	2	3

195	2	1	4
m	2	2
l	0	2
m	0	6
l	0	-1

196	6	3	2
m	0	2
l	6	2

197	4	2	4
m	0	2
l	4	2
m	2	6
l	2	-1

198	2	1	6
m	2	3
l	0	3
m	2	2
l	0	2
m	0	6
l	0	-1

199	4	2	6
m	4	2
l	2	2
m	2	6
l	2	-1
m	0	6
l	0	-1

200	4	2	6
m	4	2
l	0	2
l	0	6
m	4	3
l	2	3
l	2	6

201	4	2	6
m	4	3
l	0	3
l	0	-1
m	4	2
l	2	2
l	2	-1

202	6	3	8
m	0	2
l	6	2
m	2	6
l	2	3
l	0	3
m	4	6
l	4	3
l	6	3

203	6	3	8
m	0	3
l	6	3
m	2	-1
l	2	2
l	0	2
m	6	2
l	4	2
l	4	-1

204	4	2	8
m	4	2
l	2	2
l	2	-1
m	0	6
l	0	-1
m	4	3
l	2	3
l	2	6

205	6	3	4
m	0	2
l	6	2
m	0	3
l	6	3

206	6	3	12
m	0	2
l	2	2
l	2	-1
m	0	3
l	2	3
l	2	6
m	4	6
l	4	3
l	6	3
m	4	-1
l	4	2
l	6	2

207	4	2	6
m	0	2
l	4	2
m	0	3
l	4	3
m	2	6
l	2	3

208	4	2	6
m	0	3
l	4	3
m	1	6
l	1	3
m	3	6
l	3	3

209	4	2	6
m	0	3
l	4	3
m	0	2
l	4	2
m	2	-1
l	2	2

210	4	2	6
m	0	2
l	4	2
m	1	-1
l	1	2
m	3	-1
l	3	2

211	4	2	5
m	4	3
l	0	3
l	0	6
m	2	3
l	2	6

212	2	1	5
m	2	2
l	0	2
l	0	6
m	2	3
l	0	3

213	2	1	5
m	2	3
l	0	3
l	0	-1
m	2	2
l	0	2

214	4	2	5
m	4	2
l	0	2
l	0	-1
m	2	2
l	2	-1

215	6	3	6
m	0	2
l	6	2
m	2	6
l	2	-1
m	4	6
l	4	-1

216	4	2	6
m	0	2
l	4	2
m	2	6
l	2	-1
m	0	3
l	4	3

217	4	2	3
m	0	2
l	2	2
l	2	6

218	2	1	3
m	2	3
l	0	3
l	0	-1

219	4	2	13
m	0	6
l	4	6
l	4	0
l	0	0
l	0	6
m	1	6
l	1	0
m	2	6
l	2	0
m	3	6
l	3	0
m	0	3
l	4	3

220	4	2	11
m	4	0
l	0	0
l	0	3
l	4	3
l	4	0
m	3	3
l	3	0
m	2	3
l	2	0
m	1	3
l	1	0

221	2	1	7
m	0	0
l	0	6
l	2	6
l	2	0
l	0	0
m	1	6
l	1	0

222	4	2	7
m	2	0
l	2	6
l	4	6
l	4	0
l	2	0
m	3	6
l	3	0

223	4	2	11
m	4	3
l	0	3
l	0	6
l	4	6
l	4	3
m	3	6
l	3	3
m	2	6
l	2	3
m	1	6
l	1	3

224	7	3	10
m	5	4
l	4	2
l	2	4
l	1	4
l	0	3
l	0	1
l	1	0
l	2	0
l	4	2
l	5	0

225	5	2	10
m	2	3
l	3	3
l	4	4
l	3	5
l	0	5
l	0	-1
m	3	3
l	4	2
l	3	1
l	0	1

226	5	2	4
m	0	0
l	0	4
l	3	4
l	3	3

227	7	3	6
m	1	4
l	1	0
m	4	4
l	4	0
m	0	4
l	5	4

228	6	3	7
m	4	1
l	4	0
l	0	0
l	2	3
l	0	6
l	4	6
l	4	5

229	7	3	11
m	1	3
l	0	2
l	0	1
l	1	0
l	2	0
l	3	1
l	3	2
l	2	3
l	1	3
l	2	4
l	5	4

230	6	3	9
m	1	3
l	1	1
l	2	0
l	3	0
l	4	1
l	4	3
m	1	1
l	1	-1
l	0	-2

231	7	3	8
m	0	2
l	0	3
l	1	4
l	2	4
l	3	3
l	3	-1
m	3	2
l	5	4

232	6	3	17
m	0	6
l	4	6
m	1	4
l	3	4
l	4	3
l	4	2
l	3	1
l	1	1
l	0	2
l	0	3
l	1	4
m	2	4
l	2	6
m	2	1
l	2	-1
m	0	-1
l	4	-1

233	6	3	13
m	1	6
l	0	5
l	0	1
l	1	0
l	3	0
l	4	1
l	4	5
l	3	6
l	1	6
m	0	4
l	1	3
l	3	3
l	4	4

234	6	3	12
m	0	0
l	1	0
l	1	2
l	0	3
l	0	5
l	1	6
l	3	6
l	4	5
l	4	3
l	3	2
l	3	0
l	4	0

235	5	2	13
m	1	3
l	0	2
l	0	1
l	1	0
l	2	0
l	3	1
l	3	2
l	2	3
l	1	3
m	2	3
l	0	6
l	3	6
l	3	5

236	8	4	17
m	1	3
l	0	2
l	0	1
l	1	0
l	2	0
l	3	1
l	3	2
l	2	3
l	1	3
m	3	1
l	4	0
l	5	0
l	6	1
l	6	2
l	5	3
l	4	3
l	3	2

237	6	3	11
m	1	0
l	3	0
l	4	1
l	4	3
l	3	4
l	1	4
l	0	3
l	0	1
l	1	0
m	0	0
l	4	4

238	5	2	8
m	3	6
l	1	6
l	0	5
l	0	1
l	1	0
l	3	0
m	0	3
l	2	3

239	6	3	6
m	0	0
l	0	5
l	1	6
l	3	6
l	4	5
l	4	0

240	6	3	6
m	0	3
l	4	3
m	0	1
l	4	1
m	4	5
l	0	5

241	6	3	6
m	0	0
l	4	0
m	0	4
l	4	4
m	2	6
l	2	2

242	6	3	5
m	0	0
l	4	0
m	0	6
l	4	4
l	0	2

243	6	3	5
m	4	0
l	0	0
m	4	6
l	0	4
l	4	2

244	5	2	5
m	3	5
l	2	6
l	1	6
l	0	5
l	0	-2

245	5	2	5
m	0	-1
l	1	-2
l	2	-2
l	3	-1
l	3	6

246	5	2	12
m	1	6
l	1	5
l	2	5
l	2	6
l	1	6
m	1	1
l	2	1
l	2	0
l	1	0
l	1	1
m	0	3
l	3	3

247	5	2	8
m	0	3
l	1	4
l	2	3
l	3	4
m	0	1
l	1	2
l	2	1
l	3	2

248	5	2	9
m	1	6
l	2	6
l	3	5
l	3	4
l	2	3
l	1	3
l	0	4
l	0	5
l	1	6

249	3	1	5
m	0	2
l	1	2
l	1	0
l	0	0
l	0	2

250	3	1	5
m	0	1
l	1	1
l	1	0
l	0	0
l	0	1

251	6	3	5
m	5	5
l	5	6
l	2	6
l	2	0
l	0	2

252	6	3	5
m	0	3
l	0	6
l	3	6
l	4	5
l	4	3

253	4	2	6
m	0	5
l	0	6
l	2	6
l	2	5
l	0	3
l	2	3

254	4	2	7
m	0	0
l	0	3
l	2	3
l	2	0
l	0	0
m	1	3
l	1	0
