TXT III
6	6	3	-2


32	6	3	0

33	2	1	4
m	0	0
l	0	1
m	0	2
l	0	6

34	4	2	4
m	0	4
l	1	6
m	2	6
l	1	4

35	6	3	8
m	0	2
l	4	2
m	4	4
l	0	4
m	1	6
l	1	0
m	3	0
l	3	6

36	6	3	10
m	0	1
l	3	1
l	4	2
l	3	3
l	1	3
l	0	4
l	1	5
l	4	5
m	2	6
l	2	0

37	6	3	12
m	0	6
l	0	5
l	1	5
l	1	6
l	0	6
m	4	6
l	0	0
m	4	0
l	3	0
l	3	1
l	4	1
l	4	0

38	6	3	11
m	4	2
l	2	0
l	1	0
l	0	1
l	0	2
l	2	4
l	2	5
l	1	6
l	0	5
l	0	4
l	4	0

39	3	1	2
m	0	4
l	1	6

40	4	2	4
m	2	6
l	0	4
l	0	2
l	2	0

41	4	2	4
m	0	6
l	2	4
l	2	2
l	0	0

42	6	3	8
m	2	1
l	2	5
m	4	3
l	0	3
m	4	5
l	0	1
m	0	5
l	4	1

43	6	3	4
m	2	1
l	2	5
m	4	3
l	0	3

44	2	1	3
m	0	1
l	0	0
l	-1	-1

45	6	3	2
m	0	3
l	4	3

46	2	1	2
m	0	0
l	0	1

47	6	3	2
m	0	0
l	4	6

48	5	2	9
m	1	0
l	0	1
l	0	5
l	1	6
l	2	6
l	3	5
l	3	1
l	2	0
l	1	0

49	4	2	5
m	0	5
l	1	6
l	1	0
m	0	0
l	2	0

50	6	3	10
m	0	5
l	1	6
l	3	6
l	4	5
l	4	4
l	3	3
l	1	3
l	0	2
l	0	0
l	4	0

51	6	3	13
m	0	5
l	1	6
l	3	6
l	4	5
l	4	4
l	3	3
l	2	3
m	3	3
l	4	2
l	4	1
l	3	0
l	1	0
l	0	1

52	6	3	4
m	4	2
l	0	2
l	3	6
l	3	0

53	6	3	9
m	0	1
l	1	0
l	3	0
l	4	1
l	4	3
l	3	4
l	0	4
l	0	6
l	4	6

54	6	3	10
m	0	3
l	3	3
l	4	2
l	4	1
l	3	0
l	1	0
l	0	1
l	0	4
l	2	6
l	3	6

55	6	3	3
m	0	6
l	4	6
l	1	0

56	6	3	17
m	1	0
l	0	1
l	0	2
l	1	3
l	3	3
l	4	4
l	4	5
l	3	6
l	1	6
l	0	5
l	0	4
l	1	3
m	3	3
l	4	2
l	4	1
l	3	0
l	1	0

57	6	3	10
m	1	0
l	2	0
l	4	2
l	4	5
l	3	6
l	1	6
l	0	5
l	0	4
l	1	3
l	4	3

58	2	1	4
m	0	4
l	0	3
m	0	2
l	0	1

59	2	1	5
m	0	4
l	0	3
m	0	2
l	0	0
l	-1	-1

60	4	2	3
m	2	6
l	-1	3
l	2	0

61	6	3	4
m	0	4
l	4	4
m	4	2
l	0	2

62	5	2	3
m	0	6
l	3	3
l	0	0

63	5	2	9
m	0	5
l	1	6
l	2	6
l	3	5
l	3	4
l	2	3
l	2	2
m	2	1
l	2	0

64	6	3	15
m	3	3
l	2	2
l	1	2
l	1	3
l	2	4
l	3	4
l	3	2
l	4	3
l	4	5
l	3	6
l	1	6
l	0	5
l	0	1
l	1	0
l	4	0

65	6	3	7
m	0	0
l	0	2
l	2	6
l	4	2
l	4	0
m	0	2
l	4	2

66	6	3	13
m	0	0
l	3	0
l	4	1
l	4	2
l	3	3
l	1	3
m	3	3
l	4	4
l	4	5
l	3	6
l	0	6
m	1	6
l	1	0

67	6	3	8
m	4	1
l	3	0
l	1	0
l	0	1
l	0	5
l	1	6
l	3	6
l	4	5

68	6	3	8
m	0	0
l	3	0
l	4	1
l	4	5
l	3	6
l	0	6
m	1	6
l	1	0

69	6	3	7
m	0	0
l	0	6
l	4	6
m	0	3
l	2	3
m	0	0
l	4	0

70	6	3	5
m	0	0
l	0	6
l	4	6
m	0	3
l	2	3

71	6	3	8
m	3	3
l	4	3
l	4	0
l	1	0
l	0	1
l	0	5
l	1	6
l	4	6

72	6	3	6
m	0	0
l	0	6
m	0	3
l	4	3
m	4	6
l	4	0

73	4	2	6
m	0	6
l	2	6
m	1	6
l	1	0
m	0	0
l	2	0

74	6	3	5
m	0	1
l	1	0
l	3	0
l	4	1
l	4	6

75	6	3	7
m	0	0
l	0	6
m	4	6
l	1	3
l	0	3
m	1	3
l	4	0

76	6	3	3
m	0	6
l	0	0
l	4	0

77	6	3	5
m	0	0
l	0	6
l	2	2
l	4	6
l	4	0

78	6	3	4
m	0	0
l	0	6
l	4	0
l	4	6

79	6	3	5
m	0	0
l	0	6
l	4	6
l	4	0
l	0	0

80	6	3	7
m	0	0
l	0	6
l	3	6
l	4	5
l	4	4
l	3	3
l	0	3

81	6	3	12
m	2	2
l	3	1
l	2	0
l	1	0
l	0	1
l	0	5
l	1	6
l	3	6
l	4	5
l	4	2
l	3	1
l	4	0

82	6	3	9
m	0	0
l	0	6
l	3	6
l	4	5
l	4	4
l	3	3
l	0	3
m	1	3
l	4	0

83	6	3	8
m	0	1
l	1	0
l	3	0
l	4	1
l	0	5
l	1	6
l	3	6
l	4	5

84	6	3	4
m	0	6
l	4	6
m	2	6
l	2	0

85	6	3	6
m	0	6
l	0	1
l	1	0
l	3	0
l	4	1
l	4	6

86	8	4	3
m	0	6
l	3	0
l	6	6

87	8	4	5
m	0	6
l	2	0
l	3	3
l	4	0
l	6	6

88	6	3	4
m	0	0
l	4	6
m	0	6
l	4	0

89	6	3	5
m	0	6
l	2	3
l	2	0
m	2	3
l	4	6

90	6	3	4
m	0	6
l	4	6
l	0	0
l	4	0

91	4	2	5
m	0	0
l	0	6
l	2	6
m	2	0
l	0	0

92	6	3	2
m	0	6
l	4	0

93	4	2	4
m	0	6
l	2	6
l	2	0
l	0	0

94	6	3	3
m	0	4
l	2	6
l	4	4

95	6	3	2
m	0	-1
l	4	-1

96	3	1	2
m	0	6
l	1	4

97	6	3	11
m	2	0
l	1	0
l	0	1
l	0	3
l	1	4
l	2	4
l	3	3
l	3	1
l	2	0
m	3	1
l	4	0

98	6	3	10
m	0	0
l	0	6
m	0	2
l	2	4
l	3	4
l	4	3
l	4	1
l	3	0
l	2	0
l	0	2

99	6	3	6
m	4	4
l	1	4
l	0	3
l	0	1
l	1	0
l	4	0

100	6	3	10
m	4	2
l	2	0
l	1	0
l	0	1
l	0	3
l	1	4
l	2	4
l	4	2
m	4	6
l	4	0

101	6	3	9
m	0	2
l	3	2
l	4	3
l	3	4
l	1	4
l	0	3
l	0	1
l	1	0
l	3	0

102	6	3	7
m	0	3
l	3	3
m	4	5
l	3	6
l	2	6
l	1	5
l	1	0

103	6	3	11
m	0	-1
l	1	-2
l	3	-2
l	4	-1
l	4	3
l	3	4
l	1	4
l	0	3
l	0	1
l	1	0
l	4	0

104	6	3	7
m	0	0
l	0	6
m	0	2
l	2	4
l	3	4
l	4	3
l	4	0

105	2	1	4
m	0	0
l	0	3
m	0	4
l	0	5

106	5	2	7
m	0	-1
l	1	-2
l	2	-2
l	3	-1
l	3	3
m	3	4
l	3	5

107	6	3	7
m	0	0
l	0	6
m	0	2
l	2	2
l	4	4
m	2	2
l	4	0

108	3	1	3
m	0	6
l	0	1
l	1	0

109	6	3	10
m	0	0
l	0	4
m	0	3
l	1	4
l	2	3
l	2	2
m	2	3
l	3	4
l	4	3
l	4	0

110	5	2	7
m	0	0
l	0	4
m	0	3
l	1	4
l	2	4
l	3	3
l	3	0

111	6	3	9
m	3	0
l	1	0
l	0	1
l	0	3
l	1	4
l	3	4
l	4	3
l	4	1
l	3	0

112	6	3	9
m	0	-2
l	0	4
m	0	3
l	1	4
l	3	4
l	4	3
l	4	1
l	3	0
l	0	0

113	6	3	9
m	4	-2
l	4	4
m	4	3
l	3	4
l	1	4
l	0	3
l	0	1
l	1	0
l	4	0

114	6	3	6
m	0	0
l	0	4
m	0	2
l	2	4
l	3	4
l	4	3

115	6	3	8
m	0	0
l	3	0
l	4	1
l	3	2
l	1	2
l	0	3
l	1	4
l	4	4

116	6	3	6
m	0	4
l	4	4
m	2	6
l	2	1
l	3	0
l	4	1

117	6	3	7
m	0	4
l	0	1
l	1	0
l	2	0
l	4	2
m	4	4
l	4	0

118	6	3	3
m	0	4
l	2	0
l	4	4

119	6	3	5
m	0	4
l	1	0
l	2	4
l	3	0
l	4	4

120	6	3	4
m	0	0
l	4	4
m	0	4
l	4	0

121	6	3	5
m	0	4
l	2	0
m	4	4
l	1	-2
l	0	-2

122	6	3	4
m	0	4
l	4	4
l	0	0
l	4	0

123	4	2	7
m	2	6
l	1	5
l	1	4
l	0	3
l	1	2
l	1	1
l	2	0

124	2	1	2
m	0	0
l	0	6

125	4	2	7
m	0	0
l	1	1
l	1	2
l	2	3
l	1	4
l	1	5
l	0	6

126	6	3	4
m	0	1
l	1	2
l	3	2
l	4	3

127	4	2	5
m	0	5
l	1	6
l	2	5
l	1	4
l	0	5
