Hebrew I
60	60	30	-20


65	62	31	5
m	44	0
l	0	0
m	40	36
l	10	36
l	10	0

66	62	31	6
m	40	0
l	30	20
l	10	20
l	0	0
l	20	40
l	30	40

67	62	31	4
m	44	40
l	0	40
m	8	40
l	8	0

68	62	31	5
m	40	36
l	0	36
l	0	0
m	40	0
l	40	15

69	62	31	3
m	20	0
l	20	40
l	28	35

70	62	31	4
m	20	0
l	20	40
m	28	45
l	12	35

71	62	31	6
m	40	40
l	2	40
l	0	38
l	0	0
m	33	0
l	33	40

72	62	31	5
m	30	60
l	30	0
l	0	0
l	0	30
l	15	30

73	62	31	3
m	40	40
l	30	40
l	30	30

74	62	31	4
m	40	40
l	0	40
m	8	40
l	8	-10

75	62	31	4
m	40	0
l	0	0
l	0	40
l	40	40

76	62	31	5
m	40	60
l	40	40
l	0	40
l	0	20
l	30	0

77	62	31	5
m	40	36
l	0	36
l	0	0
l	32	0
l	32	36

78	62	31	6
m	40	21
l	0	40
l	0	0
l	30	0
m	35	40
l	25	28

79	62	31	3
m	10	40
l	0	40
l	0	-20

80	62	31	4
m	40	0
l	10	0
l	10	40
l	20	40

81	62	31	6
m	40	40
l	0	40
l	0	10
l	10	0
l	33	0
l	33	40

82	62	31	5
m	30	0
l	0	0
l	0	40
m	30	40
l	5	0

83	62	31	5
m	20	15
l	30	15
l	30	40
l	0	40
l	0	-20

84	62	31	6
m	20	25
l	35	25
l	35	40
l	0	40
l	0	0
l	35	0

85	62	31	6
m	40	40
l	36	40
l	0	-20
m	4	40
l	0	40
l	18	10

86	62	31	5
m	40	0
l	0	0
l	40	40
m	15	15
l	0	40

87	62	31	5
m	25	15
l	25	-20
m	35	40
l	0	40
l	0	5

88	62	31	3
m	40	20
l	0	20
l	0	-6

89	62	31	7
m	40	20
l	30	-10
l	5	-10
l	0	20
m	20	20
l	20	8
l	33	-1

90	62	31	6
m	40	-10
l	25	-10
l	25	20
m	30	20
l	0	20
l	0	-10

97	62	31	5
m	44	0
l	0	0
m	40	36
l	10	36
l	10	0

98	62	31	6
m	40	0
l	30	20
l	10	20
l	0	0
l	20	40
l	30	40

99	62	31	4
m	44	40
l	0	40
m	8	40
l	8	0

100	62	31	5
m	40	36
l	0	36
l	0	0
m	40	0
l	40	15

101	62	31	3
m	20	0
l	20	40
l	28	35

102	62	31	4
m	20	0
l	20	40
m	28	45
l	12	35

103	62	31	6
m	40	40
l	2	40
l	0	38
l	0	0
m	33	0
l	33	40

104	62	31	5
m	30	60
l	30	0
l	0	0
l	0	30
l	15	30

105	62	31	3
m	40	40
l	30	40
l	30	30

106	62	31	4
m	40	40
l	0	40
m	8	40
l	8	-10

107	62	31	4
m	40	0
l	0	0
l	0	40
l	40	40

108	62	31	5
m	40	60
l	40	40
l	0	40
l	0	20
l	30	0

109	62	31	5
m	40	36
l	0	36
l	0	0
l	32	0
l	32	36

110	62	31	6
m	40	21
l	0	40
l	0	0
l	30	0
m	35	40
l	25	28

111	62	31	3
m	10	40
l	0	40
l	0	-20

112	62	31	4
m	40	0
l	10	0
l	10	40
l	20	40

113	62	31	6
m	40	40
l	0	40
l	0	10
l	10	0
l	33	0
l	33	40

114	62	31	5
m	30	0
l	0	0
l	0	40
m	30	40
l	5	0

115	62	31	5
m	20	15
l	30	15
l	30	40
l	0	40
l	0	-20

116	62	31	6
m	20	25
l	35	25
l	35	40
l	0	40
l	0	0
l	35	0

117	62	31	6
m	40	40
l	36	40
l	0	-20
m	4	40
l	0	40
l	18	10

118	62	31	5
m	40	0
l	0	0
l	40	40
m	15	15
l	0	40

119	62	31	5
m	25	15
l	25	-20
m	35	40
l	0	40
l	0	5

120	62	31	3
m	40	20
l	0	20
l	0	-6

121	62	31	7
m	40	20
l	30	-10
l	5	-10
l	0	20
m	20	20
l	20	8
l	33	-1

122	62	31	6
m	40	-10
l	25	-10
l	25	20
m	30	20
l	0	20
l	0	-10
