CALGKS 1st set
15	15	7	-7


0	15	7	0

1	15	7	0

2	15	7	0

3	15	7	0

4	15	7	0

5	15	7	0

6	15	7	0

7	15	7	0

8	15	7	0

9	15	7	0

10	15	7	0

11	15	7	0

12	15	7	0

13	15	7	0

14	15	7	0

15	15	7	0

16	15	7	0

17	15	7	0

18	15	7	0

19	15	7	0

20	15	7	0

21	15	7	0

22	15	7	0

23	15	7	0

24	15	7	0

25	15	7	0

26	15	7	0

27	15	7	0

28	15	7	0

29	15	7	0

30	15	7	0

31	15	7	0

32	15	7	7
m	7	7
l	7	14
l	14	14
l	14	0
l	0	0
l	0	14
l	7	14

33	15	7	11
m	7	7
l	7	14
l	11	14
l	14	11
l	14	3
l	11	0
l	3	0
l	0	3
l	0	11
l	3	14
l	7	14

34	15	7	6
m	7	7
l	7	14
l	14	4
m	14	4
l	0	4
l	7	14

35	15	7	4
m	0	7
l	14	7
m	7	14
l	7	0

36	15	7	4
m	0	14
l	14	0
m	0	0
l	14	14

37	15	7	6
m	7	7
l	7	14
l	14	7
l	7	0
l	0	7
l	7	14

38	15	7	5
m	7	0
l	7	14
l	14	7
l	0	7
l	7	14

39	15	7	4
m	0	0
l	14	14
l	0	14
l	14	0

40	15	7	6
m	14	0
l	0	0
l	14	14
l	0	14
m	5	7
l	9	7

41	15	7	5
m	0	14
l	7	7
l	14	14
m	7	7
l	7	0

42	15	7	12
m	0	0
l	4	4
l	10	4
l	10	10
l	4	10
l	4	4
m	7	7
l	14	14
m	4	10
l	0	14
m	10	4
l	14	0

43	15	7	8
m	0	0
l	14	14
m	14	0
l	0	14
m	7	14
l	7	0
m	14	7
l	0	7

44	15	7	5
m	0	0
l	14	14
l	0	14
l	14	0
l	0	0

45	15	7	2
m	7	0
l	7	14

46	15	7	9
m	7	7
l	7	14
l	14	3
l	0	3
l	7	14
m	7	0
l	0	11
l	14	11
l	7	0

47	15	7	2
m	7	7
l	15	7

48	15	7	0

49	15	7	9
m	7	3
l	6	15
l	8	15
l	7	3
m	6	2
l	8	2
l	8	0
l	6	0
l	6	2

50	15	7	8
m	8	15
l	6	15
l	8	11
l	8	15
m	4	15
l	4	11
l	2	15
l	4	15

51	15	7	8
m	0	4
l	9	4
m	10	10
l	1	10
m	2	1
l	4	13
m	8	13
l	6	1

52	15	7	14
m	5	15
l	5	0
m	9	12
l	8	13
l	2	13
l	0	11
l	0	10
l	2	8
l	7	8
l	9	6
l	9	4
l	7	2
l	1	2
l	0	3

53	15	7	12
m	0	0
l	10	15
m	10	0
l	8	0
l	8	2
l	10	2
l	10	0
m	2	13
l	0	13
l	0	15
l	2	15
l	2	13

54	15	7	14
m	10	0
l	2	11
l	2	13
l	3	15
l	5	15
l	6	13
l	6	11
l	1	6
l	0	3
l	1	1
l	3	0
l	5	0
l	8	1
l	10	3

55	15	7	4
m	4	15
l	2	15
l	4	11
l	4	15

56	15	7	6
m	10	15
l	8	13
l	7	11
l	7	4
l	8	2
l	10	0

57	15	7	6
m	0	0
l	2	2
l	3	4
l	3	11
l	2	13
l	0	15

58	15	7	8
m	5	11
l	5	3
m	1	7
l	9	7
m	2	10
l	8	4
m	8	10
l	2	4

59	15	7	4
m	5	11
l	5	3
m	1	7
l	9	7

60	15	7	4
m	7	2
l	7	0
l	8	2
l	7	2

61	15	7	2
m	5	7
l	9	7

62	15	7	5
m	4	0
l	5	0
l	5	1
l	4	1
l	4	0

63	15	7	2
m	4	0
l	6	15

64	15	7	12
m	5	15
l	2	14
l	1	13
l	0	12
l	0	3
l	2	1
l	5	0
l	8	1
l	10	3
l	10	12
l	8	14
l	5	15

65	15	7	3
m	4	14
l	5	15
l	5	0

66	15	7	15
m	0	13
l	1	14
l	4	15
l	6	15
l	8	14
l	9	13
l	10	11
l	9	9
l	8	8
l	5	7
l	3	6
l	1	4
l	0	2
l	0	0
l	10	0

67	15	7	14
m	0	15
l	10	15
l	9	13
l	7	11
l	5	10
l	8	9
l	10	7
l	10	5
l	9	2
l	8	1
l	5	0
l	2	1
l	1	2
l	0	5

68	15	7	4
m	10	4
l	0	4
l	8	15
l	8	0

69	15	7	15
m	10	15
l	0	15
l	0	9
l	3	10
l	5	10
l	8	9
l	9	8
l	10	6
l	10	4
l	9	2
l	8	1
l	5	0
l	3	0
l	1	1
l	0	3

70	15	7	23
m	9	13
l	8	14
l	6	15
l	4	15
l	2	14
l	1	13
l	0	11
l	0	4
l	1	2
l	2	1
l	4	0
l	6	0
l	8	1
l	9	2
l	10	4
l	10	5
l	9	7
l	8	8
l	6	9
l	4	9
l	2	8
l	1	7
l	0	5

71	15	7	7
m	0	0
l	0	1
l	1	4
l	3	8
l	6	12
l	10	15
l	0	15

72	15	7	25
m	4	15
l	6	15
l	9	14
l	10	12
l	10	11
l	9	9
l	6	8
l	4	7
l	1	6
l	0	4
l	0	3
l	1	1
l	4	0
l	6	0
l	9	1
l	10	3
l	10	4
l	9	6
l	6	7
l	4	8
l	1	9
l	0	11
l	0	12
l	1	14
l	4	15

73	15	7	18
m	1	2
l	2	1
l	4	0
l	6	0
l	9	1
l	10	3
l	10	11
l	9	13
l	6	15
l	4	15
l	1	13
l	0	11
l	0	9
l	1	7
l	4	5
l	6	5
l	9	7
l	10	9

74	15	7	10
m	4	10
l	4	9
l	5	9
l	5	10
l	4	10
m	4	5
l	4	6
l	5	6
l	5	5
l	4	5

75	15	7	9
m	5	2
l	6	4
l	5	4
l	5	2
m	5	5
l	6	5
l	6	6
l	5	6
l	5	5

76	15	7	3
m	9	12
l	0	8
l	9	4

77	15	7	4
m	0	9
l	10	9
m	0	5
l	10	5

78	15	7	3
m	0	11
l	10	7
l	0	3

79	15	7	16
m	4	2
l	4	0
l	6	0
l	6	2
l	4	2
m	5	3
l	5	5
l	6	6
l	8	7
l	10	9
l	10	12
l	9	14
l	6	15
l	4	15
l	1	14
l	0	13

80	15	7	21
m	9	4
l	7	3
l	5	3
l	3	4
l	2	8
l	3	12
l	5	13
l	7	13
l	9	12
l	10	10
l	10	7
l	9	6
l	8	7
l	8	10
l	7	11
l	6	11
l	5	10
l	4	8
l	5	6
l	7	6
l	8	7

81	15	7	5
m	0	0
l	5	15
l	10	0
m	8	6
l	2	6

82	15	7	16
m	0	0
l	0	15
l	8	15
l	9	14
l	10	12
l	10	11
l	9	9
l	8	8
l	0	8
m	8	8
l	9	7
l	10	5
l	10	3
l	9	1
l	8	0
l	0	0

83	15	7	16
m	10	11
l	9	13
l	8	14
l	6	15
l	4	15
l	2	14
l	1	13
l	0	11
l	0	4
l	1	2
l	2	1
l	4	0
l	6	0
l	8	1
l	9	2
l	10	4

84	15	7	11
m	0	0
l	0	15
l	6	15
l	8	14
l	9	13
l	10	11
l	10	4
l	9	2
l	8	1
l	6	0
l	0	0

85	15	7	6
m	10	0
l	0	0
l	0	15
l	10	15
m	0	8
l	9	8

86	15	7	5
m	0	0
l	0	15
l	10	15
m	0	8
l	9	8

87	15	7	18
m	10	11
l	9	13
l	8	14
l	6	15
l	4	15
l	2	14
l	1	13
l	0	11
l	0	4
l	1	2
l	2	1
l	4	0
l	6	0
l	8	1
l	9	2
l	10	4
l	10	6
l	7	6

88	15	7	6
m	0	0
l	0	15
m	10	0
l	10	15
m	10	8
l	0	8

89	15	7	6
m	4	15
l	6	15
m	6	0
l	4	0
m	5	0
l	5	15

90	15	7	9
m	10	15
l	10	4
l	9	2
l	8	1
l	6	0
l	4	0
l	2	1
l	1	2
l	0	4

91	15	7	6
m	0	0
l	0	15
m	0	5
l	10	15
m	3	8
l	10	0

92	15	7	3
m	0	15
l	0	0
l	10	0

93	15	7	5
m	0	0
l	0	15
l	5	8
l	10	15
l	10	0

94	15	7	4
m	0	0
l	0	15
l	10	0
l	10	15

95	15	7	13
m	3	15
l	7	15
l	9	14
l	10	13
l	10	2
l	9	1
l	7	0
l	3	0
l	1	1
l	0	2
l	0	13
l	1	14
l	3	15

96	15	7	9
m	0	0
l	0	15
l	7	15
l	9	14
l	10	12
l	10	11
l	9	9
l	7	8
l	0	8

97	15	7	15
m	0	12
l	1	14
l	3	15
l	7	15
l	9	14
l	10	12
l	10	3
l	9	1
l	7	0
l	3	0
l	1	1
l	0	3
l	0	12
m	8	2
l	10	0

98	15	7	11
m	0	0
l	0	15
l	7	15
l	9	14
l	10	12
l	10	11
l	9	9
l	7	8
l	0	8
m	6	8
l	10	0

99	15	7	18
m	10	12
l	9	14
l	7	15
l	3	15
l	1	14
l	0	12
l	0	11
l	1	9
l	3	8
l	7	7
l	9	6
l	10	4
l	10	3
l	9	1
l	7	0
l	3	0
l	1	1
l	0	3

100	15	7	4
m	0	15
l	10	15
m	5	15
l	5	0

101	15	7	10
m	0	15
l	0	4
l	1	2
l	2	1
l	4	0
l	6	0
l	8	1
l	9	2
l	10	4
l	10	15

102	15	7	3
m	0	15
l	5	0
l	10	15

103	15	7	5
m	0	15
l	3	0
l	5	7
l	7	0
l	10	15

104	15	7	4
m	0	15
l	10	0
m	10	15
l	0	0

105	15	7	5
m	0	15
l	5	8
l	5	0
m	5	8
l	10	15

106	15	7	4
m	0	15
l	10	15
l	0	0
l	10	0

107	15	7	4
m	5	15
l	0	15
l	0	0
l	5	0

108	15	7	2
m	0	15
l	10	0

109	15	7	4
m	5	15
l	10	15
l	10	0
l	5	0

110	15	7	5
m	5	0
l	5	15
l	6	13
l	4	13
l	5	15

111	15	7	5
m	10	8
l	0	8
l	2	9
l	2	7
l	0	8

112	15	7	9
m	6	15
l	5	15
l	4	14
l	4	13
l	5	12
l	6	12
l	7	13
l	7	14
l	6	15

113	15	7	13
m	8	0
l	8	7
l	7	8
l	3	8
l	2	7
m	8	4
l	7	5
l	4	5
l	2	4
l	2	1
l	4	0
l	7	0
l	8	1

114	15	7	10
m	2	0
l	2	14
m	2	2
l	4	0
l	6	0
l	8	2
l	8	6
l	6	8
l	4	8
l	2	6

115	15	7	8
m	8	2
l	6	0
l	4	0
l	2	2
l	2	6
l	4	8
l	6	8
l	8	6

116	15	7	10
m	9	0
l	9	14
m	9	2
l	7	0
l	4	0
l	2	2
l	2	6
l	4	8
l	7	8
l	9	6

117	15	7	11
m	8	2
l	6	0
l	4	0
l	2	2
l	2	5
l	3	7
l	4	8
l	6	8
l	7	7
l	8	5
l	2	5

118	15	7	7
m	4	0
l	4	12
l	6	14
l	7	14
l	9	12
m	2	8
l	6	8

119	15	7	14
m	2	2
l	2	6
l	4	8
l	6	8
l	8	6
l	8	2
l	6	0
l	4	0
l	2	2
m	8	2
l	8	-2
l	6	-4
l	4	-4
l	2	-2

120	15	7	7
m	2	0
l	2	14
m	2	6
l	4	8
l	6	8
l	8	6
l	8	0

121	15	7	4
m	5	0
l	5	8
m	5	9
l	5	10

122	15	7	7
m	5	8
l	5	0
l	3	-2
l	2	-2
l	1	-1
m	5	9
l	5	10

123	15	7	6
m	2	0
l	2	14
m	2	2
l	8	8
m	4	4
l	8	0

124	15	7	2
m	5	0
l	5	14

125	15	7	12
m	1	0
l	1	8
m	1	7
l	2	8
l	4	8
l	5	7
l	5	0
m	5	7
l	6	8
l	8	8
l	9	7
l	9	0

126	15	7	7
m	2	0
l	2	8
m	2	6
l	4	8
l	6	8
l	8	6
l	8	0

127	15	7	9
m	2	2
l	2	6
l	4	8
l	6	8
l	8	6
l	8	2
l	6	0
l	4	0
l	2	2
