CALGKS 3rd set
17	15	7	-7


0	15	7	0

1	15	7	0

2	15	7	0

3	15	7	0

4	15	7	0

5	15	7	0

6	15	7	0

7	15	7	0

8	15	7	0

9	15	7	0

10	15	7	0

11	15	7	0

12	15	7	0

13	15	7	0

14	15	7	0

15	15	7	0

16	15	7	0

17	15	7	0

18	15	7	0

19	15	7	0

20	15	7	0

21	15	7	0

22	15	7	0

23	15	7	0

24	15	7	0

25	15	7	0

26	15	7	0

27	15	7	0

28	15	7	0

29	15	7	0

30	15	7	0

31	15	7	0

32	15	7	4
m	0	13
l	8	13
m	4	4
l	4	13

33	15	7	4
m	0	7
l	2	9
l	6	7
l	8	9

34	15	7	4
m	5	0
l	3	3
l	5	9
l	3	12

35	15	7	5
m	5	0
l	5	2
l	3	2
l	3	0
l	5	0

36	15	7	4
m	0	3
l	8	3
l	4	11
l	0	3

37	15	7	4
m	4	3
l	8	11
l	0	11
l	4	3

38	15	7	5
m	0	0
l	8	0
l	8	15
l	0	15
l	0	0

39	15	7	4
m	0	2
l	8	2
m	4	2
l	4	12

40	15	7	3
m	10	0
l	0	0
l	0	15

41	15	7	3
m	10	15
l	0	15
l	0	0

42	15	7	13
m	0	8
l	0	6
l	1	4
l	3	3
l	5	3
l	7	4
l	8	6
l	8	8
l	7	10
l	5	11
l	3	11
l	1	10
l	0	8

43	15	7	2
m	4	15
l	4	0

44	15	7	9
m	4	11
l	4	7
l	1	3
m	4	7
l	7	3
m	4	7
l	0	8
m	8	8
l	4	7

45	15	7	4
m	3	14
l	4	4
l	5	14
l	3	14

46	15	7	6
m	1	10
l	1	4
l	3	2
l	5	2
l	7	4
l	7	10

47	15	7	6
m	1	2
l	1	8
l	3	10
l	5	10
l	7	8
l	7	2

48	15	7	0

49	15	7	6
m	5	0
l	5	15
m	0	4
l	10	4
m	0	10
l	10	10

50	15	7	2
m	3	8
l	5	8

51	15	7	11
m	0	13
l	1	14
l	3	15
l	5	15
l	7	14
l	8	13
l	8	10
l	7	8
l	5	7
l	4	6
l	4	3

52	15	7	5
m	3	13
l	5	13
l	5	15
l	3	15
l	3	13

53	15	7	4
m	0	0
l	10	0
m	10	-3
l	0	-3

54	15	7	5
m	3	15
l	4	15
l	5	14
l	5	12
l	3	10

55	15	7	5
m	3	0
l	4	0
l	6	2
l	6	3
l	5	4

56	15	7	6
m	0	15
l	3	12
l	9	12
l	12	15
m	6	14
l	6	15

57	15	7	2
m	0	0
l	10	0

58	15	7	2
m	0	-3
l	10	-3

59	15	7	2
m	10	15
l	0	15

60	15	7	6
m	4	15
l	4	0
l	3	3
l	5	3
l	4	0
l	4	0

61	15	7	4
m	0	15
l	3	12
l	7	12
l	10	15

62	15	7	7
m	4	14
l	4	0
l	7	2
l	8	5
l	7	6
l	5	6
l	4	5

63	15	7	2
m	3	0
l	5	0

64	15	7	4
m	1	15
l	2	15
m	6	15
l	7	15

65	15	7	6
m	1	15
l	1	7
l	7	7
l	7	15
m	4	7
l	4	1

66	15	7	3
m	2	5
l	0	2
l	9	2

67	15	7	4
m	10	15
l	2	14
l	0	12
l	0	11

68	15	7	4
m	0	15
l	8	14
l	10	12
l	10	11

69	15	7	9
m	0	1
l	1	0
l	9	0
l	10	1
l	10	3
l	9	4
l	1	4
l	0	3
l	0	1

70	15	7	9
m	1	15
l	0	14
l	0	12
l	1	11
l	9	11
l	10	12
l	10	14
l	9	15
l	1	15

71	15	7	6
m	4	14
l	4	0
m	3	12
l	5	12
m	5	2
l	3	2

72	15	7	8
m	4	14
l	4	0
m	3	12
l	5	12
m	5	2
l	3	2
m	3	7
l	5	7

73	15	7	2
m	0	2
l	0	5

74	15	7	13
m	3	3
l	11	3
l	11	11
l	3	11
l	3	3
m	0	0
l	3	3
m	11	3
l	14	0
m	11	11
l	14	14
m	3	11
l	0	14

75	15	7	11
m	0	-5
l	10	-5
l	12	-4
l	13	-3
l	14	-1
l	14	1
l	13	3
l	12	4
l	10	5
l	0	5
l	0	-5

76	15	7	4
m	0	5
l	10	0
l	0	-5
l	0	5

77	15	7	15
m	0	0
l	5	15
l	10	0
m	2	6
l	8	6
m	3	16
l	3	17
l	2	17
l	2	16
l	3	16
m	7	16
l	8	16
l	8	17
l	7	17
l	7	16

78	15	7	14
m	0	0
l	4	12
l	6	12
l	10	0
m	2	6
l	8	6
m	4	12
l	3	13
l	3	14
l	4	15
l	6	15
l	7	14
l	7	13
l	6	12

79	15	7	10
m	0	0
l	5	15
l	5	0
l	10	0
m	5	8
l	9	8
m	5	15
l	10	15
m	2	6
l	5	6

80	15	7	27
m	4	0
l	6	0
l	8	1
l	9	2
l	10	5
l	10	10
l	9	13
l	8	14
l	6	15
l	4	15
l	2	14
l	1	13
l	0	10
l	0	5
l	1	2
l	2	1
l	4	0
m	3	16
l	2	16
l	2	17
l	3	17
l	3	16
m	7	16
l	7	17
l	8	17
l	8	16
l	7	16

81	15	7	15
m	3	0
l	7	0
l	9	1
l	10	3
l	10	12
l	9	14
l	7	15
l	3	15
l	1	14
l	0	12
l	0	3
l	1	1
l	3	0
m	0	0
l	10	15

82	15	7	20
m	0	15
l	0	4
l	1	2
l	2	1
l	4	0
l	6	0
l	8	1
l	9	2
l	10	4
l	10	15
m	3	16
l	2	16
l	2	17
l	3	17
l	3	16
m	7	16
l	8	16
l	8	17
l	7	17
l	7	16

83	15	7	7
m	0	0
l	0	15
m	10	15
l	10	3
l	9	1
l	7	0
l	4	1

84	15	7	8
m	0	0
l	0	15
l	8	0
l	8	15
m	7	17
l	6	16
l	2	17
l	1	16

85	15	7	12
m	10	0
l	3	0
l	1	1
l	0	3
l	0	12
l	1	14
l	3	15
l	10	15
m	5	15
l	5	0
m	5	7
l	9	7

86	15	7	5
m	10	0
l	4	0
l	4	15
m	1	3
l	9	11

87	15	7	15
m	0	0
l	6	0
l	8	1
l	9	2
l	10	4
l	10	11
l	9	13
l	8	14
l	6	15
l	0	15
l	0	0
m	2	0
l	2	15
m	0	8
l	6	8

88	15	7	17
m	1	0
l	3	0
m	2	0
l	2	12
l	3	14
l	4	15
l	6	15
l	7	14
l	7	12
l	5	9
l	6	8
l	7	6
l	8	3
l	8	1
l	7	0
l	5	0
l	3	1

89	15	7	20
m	7	0
l	7	7
l	6	8
l	2	8
l	1	7
m	7	1
l	6	0
l	3	0
l	1	1
l	1	4
l	3	5
l	7	5
m	3	8
l	2	9
l	2	10
l	3	11
l	5	11
l	6	10
l	6	9
l	5	8

90	15	7	19
m	10	1
l	9	0
l	7	0
l	6	1
l	6	7
l	5	8
l	3	8
l	2	7
m	6	1
l	5	0
l	3	0
l	2	1
l	2	4
l	3	5
l	10	5
l	10	7
l	9	8
l	7	8
l	6	7

91	15	7	11
m	2	2
l	4	0
l	6	0
l	8	2
l	8	6
l	6	8
l	4	8
l	2	6
l	2	2
m	2	0
l	8	8

92	15	7	10
m	2	0
l	2	8
m	2	10
l	2	11
m	6	12
l	6	10
m	6	8
l	6	0
l	5	-2
l	4	-2

93	15	7	12
m	8	2
l	6	0
l	4	0
l	2	2
l	2	6
l	4	8
l	6	8
l	8	6
m	5	0
l	6	-2
l	4	-4
l	2	-4

94	15	7	18
m	10	1
l	9	0
l	7	0
l	6	1
l	6	7
l	5	8
l	3	8
l	2	7
l	2	1
l	3	0
l	5	0
l	6	1
m	6	7
l	7	8
l	9	8
l	10	7
l	10	5
l	6	5

95	15	7	6
m	5	14
l	5	1
l	6	0
l	7	0
m	2	4
l	8	10

96	15	7	22
m	8	0
l	8	7
l	7	8
l	3	8
l	2	7
m	8	1
l	7	0
l	4	0
l	2	1
l	2	4
l	4	5
l	8	5
m	3	10
l	4	10
l	4	9
l	3	9
l	3	10
m	7	10
l	7	9
l	6	9
l	6	10
l	7	10

97	15	7	19
m	4	0
l	6	0
l	8	2
l	8	6
l	6	8
l	4	8
l	2	6
l	2	2
l	4	0
m	3	10
l	3	9
l	4	9
l	4	10
l	3	10
m	7	10
l	7	9
l	6	9
l	6	10
l	7	10

98	15	7	17
m	8	0
l	8	8
m	8	2
l	6	0
l	4	0
l	2	2
l	2	8
m	3	10
l	4	10
l	4	9
l	3	9
l	3	10
m	7	10
l	7	9
l	6	9
l	6	10
l	7	10

99	15	7	12
m	8	0
l	8	14
m	8	2
l	6	0
l	4	0
l	2	2
l	2	6
l	4	8
l	6	8
l	8	6
m	5	11
l	11	11

100	15	7	12
m	1	0
l	3	0
m	2	0
l	2	15
m	1	15
l	3	15
m	2	4
l	4	4
l	6	6
l	6	8
l	4	10
l	2	10

101	15	7	5
m	2	0
l	4	0
m	3	0
l	3	8
l	2	8

102	15	7	12
m	2	0
l	7	0
m	2	15
l	7	15
m	4	0
l	4	15
m	4	6
l	7	6
l	9	8
l	9	10
l	7	12
l	4	12

103	15	7	11
m	8	0
l	8	6
l	6	8
l	4	8
l	2	6
m	2	8
l	2	1
m	2	9
l	4	10
l	6	9
l	8	10

104	15	7	10
m	10	13
l	9	15
l	7	15
l	6	14
l	1	0
l	0	1
l	9	0
l	10	1
m	2	7
l	8	7

105	15	7	7
m	0	15
l	5	9
l	10	15
m	5	9
l	5	0
m	1	4
l	9	4

106	15	7	16
m	5	15
l	5	13
l	7	13
l	7	15
l	5	15
m	6	11
l	6	8
l	5	7
l	3	6
l	2	5
l	2	2
l	3	1
l	5	0
l	7	0
l	9	1
l	10	2

107	15	7	3
m	4	13
l	6	15
l	10	11

108	15	7	4
m	1	14
l	2	15
l	6	14
l	7	15

109	15	7	4
m	2	0
l	3	4
l	5	4
l	2	0

110	15	7	10
m	1	16
l	2	16
l	2	17
l	1	17
l	1	16
m	6	16
l	6	17
l	7	17
l	7	16
l	6	16

111	15	7	2
m	5	15
l	5	0

112	15	7	8
m	0	12
l	1	15
l	3	15
l	0	12
m	5	15
l	4	12
l	7	15
l	5	15

113	15	7	4
m	10	15
l	8	15
l	7	12
l	10	15

114	15	7	4
m	0	15
l	3	12
l	2	15
l	0	15

115	15	7	3
m	0	15
l	3	12
l	6	15

116	15	7	5
m	0	2
l	2	0
l	4	0
l	6	2
l	6	6

117	15	7	4
m	0	0
l	0	15
l	10	15
l	10	12

118	15	7	4
m	0	0
l	10	0
l	5	12
l	0	0

119	15	7	15
m	0	3
l	1	1
l	3	0
l	7	0
l	9	1
l	10	3
l	10	12
l	9	14
l	7	15
l	3	15
l	1	14
l	0	12
l	0	3
m	0	8
l	10	8

120	15	7	5
m	2	0
l	1	0
l	5	15
l	9	0
l	8	0

121	15	7	6
m	0	15
l	10	15
m	10	0
l	0	0
m	4	8
l	6	8

122	15	7	6
m	0	15
l	10	15
m	2	0
l	2	15
m	8	15
l	8	0

123	15	7	5
m	10	15
l	0	15
l	5	8
l	0	0
l	10	0

124	15	7	9
m	10	11
l	8	15
l	7	15
l	5	11
l	3	15
l	2	15
l	0	11
m	5	11
l	5	0

125	15	7	12
m	5	0
l	5	15
m	3	4
l	3	4
l	1	6
l	1	8
l	3	10
l	7	10
l	9	8
l	9	6
l	7	4
l	3	4

126	15	7	10
m	5	0
l	5	15
m	1	11
l	2	10
l	3	5
l	4	4
l	6	4
l	7	5
l	8	10
l	9	11

127	15	7	14
m	0	0
l	3	0
l	0	8
l	0	11
l	1	13
l	2	14
l	4	15
l	6	15
l	8	14
l	9	13
l	10	11
l	10	8
l	7	0
l	10	0
